time (s)	coil I (A)	last det (V)	int current (uC)
429059.346603	0.578393	-113.378906	-227.148437
429059.348606	0.891842	-113.378906	-227.148437
429059.350604	0.936713	-113.378906	-227.148437
429059.352603	0.934210	10.276312	0.015628
429060.328683	0.403161	81.640625	181.640625
429060.330682	0.764333	81.640625	181.640625
429060.332682	0.937883	81.640625	181.640625
429060.334683	0.935671	10.292379	-0.001014
429061.442739	0.393129	-118.554687	-229.687500
429061.444740	0.755255	-118.554687	-229.687500
429061.446740	0.937468	-118.554687	-229.687500
429061.448739	0.935677	10.292450	0.011515
429062.426785	0.575889	80.761719	165.625000
429062.428788	0.890443	80.761719	165.625000
429062.430787	0.936546	80.761719	165.625000
429062.432788	0.933989	10.273884	-0.001794
429063.508800	0.697743	-81.347656	-207.617187
429063.510800	0.931648	-81.347656	-207.617187
429063.512801	0.935956	-81.347656	-207.617187
429063.514801	0.933723	10.270950	0.306874
429064.523740	0.541571	81.933594	154.882812
429064.525742	0.871318	81.933594	154.882812
429064.527742	0.936855	81.933594	154.882812
429064.529742	0.934078	10.274858	-0.002789
429065.606346	0.767851	-100.488281	-194.140625
429065.608347	0.937449	-100.488281	-194.140625
429065.610347	0.935121	10.286335	0.021228
429066.586871	0.309924	93.457031	147.265625
429066.588874	0.676198	93.457031	147.265625
429066.590872	0.927785	93.457031	147.265625
429066.592872	0.936723	93.457031	147.265625
429066.594872	0.934582	10.280407	0.007904
429068.881054	0.390467	95.996094	67.773437
429068.883057	0.752771	95.996094	67.773437
429068.885057	0.936684	95.996094	67.773437
429068.887058	0.934931	10.284244	0.002104
429071.145228	0.903536	153.808594	51.171875
429071.149228	0.934296	153.808594	51.171875
429071.151230	0.932680	10.259482	-0.015745
429073.305928	0.607263	193.847656	60.937500
429073.307929	0.905427	193.847656	60.937500
429073.309931	0.937107	193.847656	60.937500
429073.311931	0.934814	10.282949	-0.082879
429075.304101	0.485774	110.058594	87.500000
429075.306102	0.833605	110.058594	87.500000
429075.308103	0.937412	110.058594	87.500000
429075.310101	0.934439	10.278829	-0.005769
429076.222118	0.577652	-99.902344	-296.289062
429076.224124	0.891292	-99.902344	-296.289062
429076.226128	0.936473	-99.902344	-296.289062
429076.228133	0.933887	10.272758	-0.002803
429077.040679	0.461994	86.035156	164.843750
429077.042679	0.815183	86.035156	164.843750
429077.046679	0.935392	86.035156	164.843750
429077.048679	0.933566	10.269222	0.002789
429078.154695	0.446032	-131.445312	-185.351562
429078.156698	0.802362	-131.445312	-185.351562
429078.158700	0.940853	-131.445312	-185.351562
429078.162696	0.935992	10.295916	0.018464
429079.170755	0.491762	105.761719	117.871094
429079.172758	0.838339	105.761719	117.871094
429079.174757	0.938384	105.761719	117.871094
429079.176756	0.935526	10.290784	0.008449
429081.430937	0.341480	119.042969	81.640625
429081.432938	0.706293	119.042969	81.640625
429081.434939	0.932654	119.042969	81.640625
429081.436938	0.935486	119.042969	81.640625
429081.438938	0.933321	10.266528	0.001512
429082.446970	0.383867	-240.429687	-235.156250
429082.450969	0.937757	-240.429687	-235.156250
429082.452972	0.936373	-240.429687	-235.156250
429082.454973	0.934408	10.278492	-0.000277
429083.365034	0.486823	104.003906	165.039062
429083.367037	0.834275	104.003906	165.039062
429083.369036	0.937272	104.003906	165.039062
429083.371038	0.934210	10.276312	0.008716
429084.381517	0.608366	-114.355469	-229.589844
429084.383518	0.905379	-114.355469	-229.589844
429084.385518	0.936382	-114.355469	-229.589844
429084.387517	0.933909	10.272998	0.020454
429086.675681	0.681369	-79.589844	-297.460937
429086.677682	0.928641	-79.589844	-297.460937
429086.679683	0.936344	-79.589844	-297.460937
429086.681684	0.934098	10.275080	-0.000527
429087.659717	0.844255	77.832031	92.773437
429087.661719	0.937115	77.832031	92.773437
429087.663720	0.934087	10.274956	-0.002602
429089.754373	0.410496	92.285156	75.097656
429089.756375	0.771003	92.285156	75.097656
429089.758376	0.937678	92.285156	75.097656
429089.760375	0.935213	10.287345	-0.000261
429092.048528	0.483402	145.019531	48.730469
429092.050530	0.832497	145.019531	48.730469
429092.052531	0.939988	145.019531	48.730469
429092.054533	0.939860	10.338463	-0.013310
429094.145631	0.473111	166.796875	52.832031
429094.147636	0.824170	166.796875	52.832031
429094.149634	0.938304	166.796875	52.832031
429094.151633	0.935345	10.288791	-0.026519
429096.243735	0.644336	161.816406	63.281250
429096.245738	0.918331	161.816406	63.281250
429096.247737	0.935927	161.816406	63.281250
429096.249736	0.933541	10.268947	-0.033665
429098.340759	0.620634	168.457031	64.941406
429098.342760	0.910274	168.457031	64.941406
429098.344761	0.936269	168.457031	64.941406
429098.346761	0.933792	10.271712	-0.041082
429100.438923	0.799419	171.484375	65.332031
429100.440925	0.938041	171.484375	65.332031
429100.442926	0.935179	10.286974	-0.045657
429102.535047	0.617202	178.417969	60.351562
429102.537051	0.909109	178.417969	60.351562
429102.541047	0.934116	178.417969	60.351562
429102.543048	0.932684	10.259526	-0.047546
429104.631240	0.445424	179.785156	53.027344
429104.633241	0.461607	179.785156	53.027344
429104.635241	0.939353	179.785156	53.027344
429104.637241	0.939258	10.331843	-0.046075
429106.696297	0.565560	165.820312	47.460937
429106.698297	0.885144	165.820312	47.460937
429106.700299	0.888860	165.820312	47.460937
429106.702298	0.934199	10.276188	-0.019995
429108.760505	0.535855	133.691406	49.121094
429108.762509	0.868055	133.691406	49.121094
429108.766507	0.934773	133.691406	49.121094
429108.768507	0.933049	10.263541	-0.004363
429110.857597	0.523852	115.429687	54.980469
429110.859599	0.860378	115.429687	54.980469
429110.861598	0.937327	115.429687	54.980469
429110.863598	0.934494	10.279431	-0.000510
429112.922280	0.577242	99.902344	74.121094
429112.924281	0.891437	99.902344	74.121094
429112.926289	0.937068	99.902344	74.121094
429112.928291	0.934496	10.279458	0.000078
429113.872364	0.544792	-62.207031	-317.675781
429113.874363	0.873128	-62.207031	-317.675781
429113.876365	0.936686	-62.207031	-317.675781
429113.878365	0.933832	10.272146	-0.001540
429114.691306	0.498671	90.332031	180.859375
429114.693306	0.843467	90.332031	180.859375
429114.695308	0.939417	90.332031	180.859375
429114.697306	0.936539	10.301933	0.005605
429115.773342	0.622338	-104.687500	-243.847656
429115.775343	0.910714	-104.687500	-243.847656
429115.779341	0.933628	-104.687500	-243.847656
429115.781344	0.932132	10.253456	0.016382
429116.820324	0.331012	109.472656	165.332031
429116.822326	0.696270	109.472656	165.332031
429116.824326	0.932222	109.472656	165.332031
429116.828324	0.934940	109.472656	165.332031
429116.830326	0.933398	10.267379	0.013175
429117.804396	0.522242	-152.148437	-203.417969
429117.806397	0.859208	-152.148437	-203.417969
429117.808397	0.937244	-152.148437	-203.417969
429117.810397	0.934279	10.277074	0.018766
429118.918993	0.608872	129.980469	130.175781
429118.920995	0.905368	129.980469	130.175781
429118.922995	0.936055	129.980469	130.175781
429118.924997	0.933659	10.270250	0.023925
429121.149149	0.899870	111.132812	70.214844
429121.151151	0.936522	111.132812	70.214844
429121.153153	0.933863	10.272492	0.000333
429123.375836	0.680163	107.226562	63.476562
429123.377837	0.928259	107.226562	63.476562
429123.379837	0.936094	107.226562	63.476562
429123.381838	0.933840	10.272235	0.214224
429124.325873	0.636273	-50.878906	-297.363281
429124.327874	0.915630	-50.878906	-297.363281
429124.329873	0.936077	-50.878906	-297.363281
429124.331873	0.933534	10.268876	0.010256
429125.143922	0.430532	94.921875	168.945312
429125.145922	0.788475	94.921875	168.945312
429125.147923	0.937939	94.921875	168.945312
429125.149923	0.935115	10.286264	0.001191
429126.225930	0.548351	-45.898437	-242.675781
429126.227929	0.875401	-45.898437	-242.675781
429126.229930	0.936865	-45.898437	-242.675781
429126.231930	0.934038	10.274415	0.027942
429127.241952	0.585949	94.238281	177.832031
429127.243954	0.895217	94.238281	177.832031
429127.245955	0.936180	94.238281	177.832031
429127.247955	0.933565	10.269214	0.006085
429128.291942	0.830321	-74.316406	-237.695312
429128.293944	0.937521	-74.316406	-237.695312
429128.295943	0.934617	10.280787	0.023784
429129.372016	0.613223	109.667969	158.496094
429129.374019	0.907365	109.667969	158.496094
429129.376019	0.936417	109.667969	158.496094
429129.378018	0.933888	10.272767	0.011955
429130.388035	0.648798	-186.914062	-224.121094
429130.390035	0.919412	-186.914062	-224.121094
429130.392035	0.935475	-186.914062	-224.121094
429130.394036	0.933017	10.263187	0.071278
429131.468071	0.413565	127.929687	146.093750
429131.470070	0.773637	127.929687	146.093750
429131.472070	0.937062	127.929687	146.093750
429131.474070	0.934367	10.278040	0.020425
429132.453033	0.760562	-211.816406	-192.968750
429132.455037	0.937463	-211.816406	-192.968750
429132.457034	0.935470	10.290173	0.010622
429133.567078	0.748756	133.007812	121.679687
429133.569079	0.936245	133.007812	121.679687
429133.571079	0.934650	10.281151	0.537608
429134.549657	1.717986	-215.136719	-178.027344
429134.551660	0.923895	-215.136719	-178.027344
429134.553660	0.935522	-215.136719	-178.027344
429134.555658	0.933152	10.264675	0.148306
429135.631735	0.795254	135.839844	121.093750
429135.633738	0.937995	135.839844	121.093750
429135.635738	0.934988	10.284873	0.027982
429137.892421	0.744582	122.070312	68.457031
429137.894422	0.936670	122.070312	68.457031
429137.896423	0.935408	10.289490	0.504514
429140.153479	0.756792	162.109375	45.507812
429140.155480	0.937726	162.109375	45.507812
429140.157479	0.935992	10.295916	-0.020752
429142.250173	0.675372	176.367187	44.628906
429142.252174	0.926598	176.367187	44.628906
429142.254173	0.935590	176.367187	44.628906
429142.256173	0.933191	10.265101	0.158777
429144.346410	0.509678	185.253906	48.730469
429144.348412	0.850516	185.253906	48.730469
429144.352409	0.933517	185.253906	48.730469
429144.354411	0.931837	10.250213	-0.040959
429146.442583	0.329360	188.378906	56.445312
429146.444587	0.694670	188.378906	56.445312
429146.446587	0.930623	188.378906	56.445312
429146.448586	0.935429	188.378906	56.445312
429146.450585	0.933144	10.264587	-0.061423
429148.507219	0.376145	168.750000	72.851562
429148.509221	0.739026	168.750000	72.851562
429148.511222	0.937560	168.750000	72.851562
429148.513222	0.936766	10.304423	-0.044593
429149.361289	0.757106	-140.039062	-297.265625
429149.363291	0.936974	-140.039062	-297.265625
429149.367290	0.933063	10.263692	0.553718
429150.279324	0.839388	103.613281	160.937500
429150.281328	0.937488	103.613281	160.937500
429150.283332	0.934467	10.279140	0.009549
429151.293410	0.543144	-41.503906	-252.343750
429151.295409	0.871775	-41.503906	-252.343750
429151.297412	0.935772	-41.503906	-252.343750
429151.299414	0.932928	10.262203	0.031680
429152.341469	0.450381	94.433594	173.730469
429152.343470	0.805492	94.433594	173.730469
429152.345470	0.938252	94.433594	173.730469
429152.347471	0.935235	10.287584	0.006108
429153.422405	0.371124	-14.550781	-247.460937
429153.424407	0.734141	-14.550781	-247.460937
429153.426408	0.936717	-14.550781	-247.460937
429153.428409	0.936359	10.299948	0.026838
429154.406445	0.553917	98.339844	163.085937
429154.408446	0.878194	98.339844	163.085937
429154.412443	0.933040	98.339844	163.085937
429154.414444	0.931685	10.248537	0.006589
429155.519430	0.348939	-30.957031	-214.941406
429155.521443	0.712956	-30.957031	-214.941406
429155.523448	0.936340	-30.957031	-214.941406
429155.525448	0.937963	-30.957031	-214.941406
429155.527449	0.935984	10.295827	0.022920
429156.503509	0.539537	111.621094	129.394531
429156.505507	0.869857	111.621094	129.394531
429156.507508	0.936526	111.621094	129.394531
429156.509509	0.933657	10.270232	0.014169
429158.763721	0.397832	118.359375	71.484375
429158.765722	0.759218	118.359375	71.484375
429158.767723	0.936708	118.359375	71.484375
429158.769724	0.934644	10.281089	0.001407
429159.813800	0.670018	-210.156250	-231.152344
429159.815801	0.924895	-210.156250	-231.152344
429159.817803	0.934926	-210.156250	-231.152344
429159.819802	0.932481	10.257294	-0.002038
429160.729859	1.783494	138.085937	120.312500
429160.731861	0.768002	138.085937	120.312500
429160.733862	0.938233	138.085937	120.312500
429160.735859	0.935840	10.294240	0.027849
429161.745921	0.455218	-199.707031	-211.425781
429161.747923	0.809588	-199.707031	-211.425781
429161.749925	0.938408	-199.707031	-211.425781
429161.751925	0.935414	10.289553	0.008297
429162.827995	0.587364	125.976562	148.828125
429162.829996	0.895809	125.976562	148.828125
429162.831996	0.936115	125.976562	148.828125
429162.833995	0.933500	10.268504	0.021458
429163.844046	0.627815	-125.878906	-248.535156
429163.846047	0.912652	-125.878906	-248.535156
429163.848046	0.935859	-125.878906	-248.535156
429163.850047	0.933412	10.267529	0.015864
429164.894075	0.864027	105.273437	168.164062
429164.896077	0.936605	105.273437	168.164062
429164.898077	0.933732	10.271048	0.015235
429165.940132	0.437841	-27.246094	-257.226562
429165.942134	0.794809	-27.246094	-257.226562
429165.944134	0.938258	-27.246094	-257.226562
429165.946134	0.935370	10.289074	0.027655
429166.956206	0.486969	96.777344	179.589844
429166.958210	0.834036	96.777344	179.589844
429166.960208	0.936949	96.777344	179.589844
429166.962209	0.933827	10.272094	0.011996
429168.072326	0.834128	-15.820312	-257.910156
429168.074328	0.937389	-15.820312	-257.910156
429168.076328	0.937293	10.310219	0.023717
429169.052865	0.394061	95.800781	153.808594
429169.054866	0.755550	95.800781	153.808594
429169.056866	0.936991	95.800781	153.808594
429169.058866	0.935167	10.286840	0.006811
429170.168952	0.751967	-6.933594	-235.742187
429170.170954	0.936615	-6.933594	-235.742187
429170.172954	0.934864	10.283499	0.549805
429171.150988	0.572724	100.781250	136.328125
429171.152990	0.888385	100.781250	136.328125
429171.154990	0.935816	100.781250	136.328125
429171.156991	0.933078	10.263861	0.006316
429172.265022	0.559122	-40.136719	-225.488281
429172.267023	0.881153	-40.136719	-225.488281
429172.269024	0.936240	-40.136719	-225.488281
429172.271025	0.933533	10.268859	0.017029
429173.217076	0.855562	113.867187	143.261719
429173.219078	0.936506	113.867187	143.261719
429173.221078	0.933415	10.267565	0.017290
429174.329677	0.607090	-28.808594	-199.902344
429174.331678	0.904277	-28.808594	-199.902344
429174.333680	0.935524	-28.808594	-199.902344
429174.335680	0.935398	10.289375	0.023770
429175.314233	0.857385	118.750000	131.738281
429175.316238	0.936207	118.750000	131.738281
429175.318238	0.933212	10.265332	0.021183
429176.426839	0.609955	-74.218750	-200.878906
429176.430839	0.936021	-74.218750	-200.878906
429176.432841	0.933606	-74.218750	-200.878906
429176.434841	0.932037	10.252410	0.016971
429177.408876	0.428323	120.996094	124.218750
429177.410877	0.786565	120.996094	124.218750
429177.412877	0.937698	120.996094	124.218750
429177.414877	0.934997	10.284970	0.022124
429179.673113	0.920927	105.664062	72.460937
429179.675113	0.936182	105.664062	72.460937
429179.677113	0.933790	10.271686	0.087025
429181.933823	0.902269	130.859375	51.953125
429181.935824	0.935719	130.859375	51.953125
429181.937824	0.933132	10.264454	-0.002340
429184.027937	0.413982	130.664062	53.027344
429184.029944	0.773879	130.664062	53.027344
429184.031949	0.937587	130.664062	53.027344
429184.033952	0.935023	10.285254	-0.002874
429184.945996	0.514541	-77.441406	-264.648437
429184.947999	0.853636	-77.441406	-264.648437
429184.949999	0.936211	-77.441406	-264.648437
429184.951998	0.933094	10.264029	-0.006280
429185.766006	0.658670	118.945312	131.054687
429185.768008	0.921558	118.945312	131.054687
429185.770007	0.934441	118.945312	131.054687
429185.772006	0.932123	10.253358	0.143787
429186.878091	0.287244	-27.148437	-207.714844
429186.880094	0.654315	-27.148437	-207.714844
429186.882092	0.921010	-27.148437	-207.714844
429186.884091	0.935326	-27.148437	-207.714844
429186.886090	0.932939	10.262327	0.022792
429187.862107	0.471340	112.304687	136.328125
429187.864108	0.822191	112.304687	136.328125
429187.866108	0.937190	112.304687	136.328125
429187.868108	0.934145	10.275594	0.016505
429188.976632	0.546135	-2.441406	-222.265625
429188.978634	0.873507	-2.441406	-222.265625
429188.980633	0.935884	-2.441406	-222.265625
429188.984634	0.931415	10.245560	0.025587
429189.959200	0.459954	105.371094	144.628906
429189.961199	0.813156	105.371094	144.628906
429189.963200	0.937549	105.371094	144.628906
429189.965199	0.934539	10.279928	0.010816
429191.075778	0.873444	-0.781250	-244.921875
429191.077780	0.936288	-0.781250	-244.921875
429191.079779	0.933467	10.268132	0.026395
429192.055804	0.358150	99.414062	154.296875
429192.057809	0.721579	99.414062	154.296875
429192.059812	0.934452	99.414062	154.296875
429192.061811	0.935087	99.414062	154.296875
429192.063813	0.932870	10.261574	0.006197
429193.137872	0.492686	24.609375	-253.613281
429193.141873	0.937120	24.609375	-253.613281
429193.143874	0.934078	24.609375	-253.613281
429193.145874	0.932352	10.255867	0.036243
429194.154479	0.634858	100.195312	165.625000
429194.156480	0.914570	100.195312	165.625000
429194.158482	0.935068	100.195312	165.625000
429194.160481	0.932561	10.258171	0.016057
429195.236558	0.767793	-29.882812	-271.679687
429195.238558	0.936798	-29.882812	-271.679687
429195.240560	0.934489	10.279379	0.025876
429196.253571	0.911161	112.011719	177.636719
429196.255573	0.935036	112.011719	177.636719
429196.259572	0.931136	10.242494	0.017330
429197.299572	0.523267	-92.773437	-261.816406
429197.301573	0.859484	-92.773437	-261.816406
429197.303577	0.936608	-92.773437	-261.816406
429197.305577	0.933721	10.270932	0.021863
429198.383580	0.916726	128.222656	141.894531
429198.385582	0.935628	128.222656	141.894531
429198.389579	0.931630	10.247934	0.051813
429199.365656	0.819699	-143.652344	-226.171875
429199.367657	0.937342	-143.652344	-226.171875
429199.369659	0.934248	10.276729	0.017053
429200.477718	0.459148	143.066406	116.894531
429200.479718	0.812483	143.066406	116.894531
429200.481718	0.937281	143.066406	116.894531
429200.483719	0.934282	10.277101	0.025248
429201.461808	0.648158	-145.605469	-193.261719
429201.463810	0.918971	-145.605469	-193.261719
429201.465811	0.935204	-145.605469	-193.261719
429201.467811	0.932772	10.260492	0.076470
429202.542369	0.506122	142.968750	107.617187
429202.544370	0.847752	142.968750	107.617187
429202.548370	0.933437	142.968750	107.617187
429202.550372	0.931763	10.249397	0.031155
429204.775049	0.935722	111.230469	69.335937
429204.777050	0.933064	10.263700	0.000526
429205.851585	0.444714	-62.890625	-274.218750
429205.853585	0.800658	-62.890625	-274.218750
429205.855587	0.937865	-62.890625	-274.218750
429205.857588	0.934930	10.284225	-0.006123
429206.671607	0.588971	118.164062	138.671875
429206.673607	0.896034	118.164062	138.671875
429206.675608	0.935170	118.164062	138.671875
429206.677608	0.932434	10.256780	0.020999
429207.786600	0.749171	20.019531	-230.078125
429207.788602	0.936175	20.019531	-230.078125
429207.790602	0.934576	10.280335	0.033105
429208.768637	0.567871	107.617187	155.957031
429208.770640	0.579810	107.617187	155.957031
429208.772639	0.936229	107.617187	155.957031
429208.774641	0.933413	10.267548	0.013655
429209.883242	0.655842	15.234375	-259.863281
429209.885245	0.921143	15.234375	-259.863281
429209.887245	0.935026	15.234375	-259.863281
429209.889244	0.932522	10.257737	0.133797
429210.865284	0.478436	104.003906	169.042969
429210.867286	0.827764	104.003906	169.042969
429210.869287	0.937994	104.003906	169.042969
429210.871288	0.935081	10.285892	0.013668
429211.947337	0.603804	24.609375	-265.234375
429211.949339	0.902597	24.609375	-265.234375
429211.951338	0.935058	24.609375	-265.234375
429211.953339	0.932343	10.255777	0.041116
429212.961872	0.371992	105.761719	173.339844
429212.963873	0.734829	105.761719	173.339844
429212.965872	0.935910	105.761719	173.339844
429212.967872	0.935421	10.289632	0.016575
429214.045902	0.842620	-29.003906	-278.027344
429214.047905	0.936293	-29.003906	-278.027344
429214.049905	0.933250	10.265748	0.027596
429215.092430	0.491558	110.253906	157.421875
429215.094431	0.837786	110.253906	157.421875
429215.096431	0.937422	110.253906	157.421875
429215.098433	0.934439	10.278829	0.013267
429216.108467	0.531974	-48.828125	-269.042969
429216.110469	0.864860	-48.828125	-269.042969
429216.112471	0.935962	-48.828125	-269.042969
429216.114469	0.932940	10.262344	0.032691
429217.190504	0.658336	119.726562	156.542969
429217.192507	0.921548	119.726562	156.542969
429217.194507	0.934644	119.726562	156.542969
429217.196510	0.932134	10.253473	0.015802
429218.205078	0.434437	-81.542969	-261.132812
429218.207080	0.792039	-81.542969	-261.132812
429218.209079	0.939660	-81.542969	-261.132812
429218.213079	0.934980	10.284784	0.022335
429219.287623	0.651574	126.757812	145.507812
429219.289625	0.919844	126.757812	145.507812
429219.291624	0.934966	126.757812	145.507812
429219.293626	0.932492	10.257418	0.107689
429220.269662	0.468974	-69.042969	-245.800781
429220.271663	0.820234	-69.042969	-245.800781
429220.273663	0.937882	-69.042969	-245.800781
429220.275663	0.934838	10.283216	0.032409
429221.384190	0.546932	132.714844	139.160156
429221.388190	0.935757	132.714844	139.160156
429221.390192	0.932750	132.714844	139.160156
429221.392191	0.931229	10.243522	0.023340
429222.366220	2.008645	-89.355469	-241.406250
429222.368231	0.725818	-89.355469	-241.406250
429222.370229	0.934896	-89.355469	-241.406250
429222.372231	0.934959	10.284554	0.022534
429223.480825	0.453404	132.910156	132.128906
429223.482826	0.807877	132.910156	132.128906
429223.484827	0.938079	132.910156	132.128906
429223.486827	0.935116	10.286273	0.019975
429224.464921	0.644845	-102.441406	-241.601562
429224.466923	0.917597	-102.441406	-241.601562
429224.468923	0.919725	-102.441406	-241.601562
429224.470925	0.932338	10.255716	0.020251
429225.577496	0.364873	134.667969	132.617187
429225.579501	0.727905	134.667969	132.617187
429225.581500	0.934127	134.667969	132.617187
429225.583500	0.933906	10.272971	0.021239
429226.562056	0.764601	-120.410156	-250.390625
429226.564055	0.916130	-120.410156	-250.390625
429226.566055	0.934655	-120.410156	-250.390625
429226.568055	0.932182	10.254005	0.019539
429227.642121	1.359984	134.082031	141.015625
429227.644123	0.770160	134.082031	141.015625
429227.646123	0.937520	134.082031	141.015625
429227.648122	0.935173	10.286902	0.024906
429228.658180	0.453644	-112.695312	-258.691406
429228.660181	0.807984	-112.695312	-258.691406
429228.662180	0.937871	-112.695312	-258.691406
429228.664180	0.934900	10.283897	0.016745
429229.740227	0.582610	129.980469	147.558594
429229.742230	0.892946	129.980469	147.558594
429229.744229	0.935073	129.980469	147.558594
429229.746228	0.932381	10.256195	0.022886
429230.756739	0.708576	-82.226562	-266.699219
429230.758741	0.932464	-82.226562	-266.699219
429230.760743	0.934796	-82.226562	-266.699219
429230.762741	0.932469	10.257160	0.356277
429231.837311	0.570114	121.289062	143.359375
429231.839313	0.886666	121.289062	143.359375
429231.841314	0.935461	121.289062	143.359375
429231.843312	0.932870	10.261565	0.014471
429232.853328	0.608041	-64.843750	-280.566406
429232.855327	0.904049	-64.843750	-280.566406
429232.859327	0.932122	-64.843750	-280.566406
429232.861328	0.930750	10.238248	0.024029
429233.901409	0.518390	114.941406	157.226562
429233.905410	0.936213	114.941406	157.226562
429233.907413	0.933233	114.941406	157.226562
429233.909413	0.931593	10.247519	0.018824
429234.949463	0.424750	-25.781250	-284.960937
429234.955463	0.935627	-25.781250	-284.960937
429234.957464	0.933581	-25.781250	-284.960937
429234.959463	0.933479	10.268265	0.029450
429236.001533	0.929745	105.859375	150.195312
429236.003534	0.934489	105.859375	150.195312
429236.005535	0.932179	10.253970	0.280767
429237.049560	0.898887	0.097656	-286.718750
429237.051562	0.934623	0.097656	-286.718750
429237.053561	0.932128	10.253403	0.035424
429238.063621	0.642052	104.199219	156.640625
429238.065623	0.917177	104.199219	156.640625
429238.067624	0.935464	104.199219	156.640625
429238.069623	0.933056	10.263612	0.053733
429239.147650	0.935952	44.140625	-267.285156
429239.149654	0.933591	10.269497	0.615753
429240.160610	0.612662	105.078125	144.335937
429240.162612	0.906200	105.078125	144.335937
429240.164614	0.934930	105.078125	144.335937
429240.166613	0.932364	10.256008	0.008839
429241.240678	0.376859	46.972656	-248.828125
429241.242678	0.739187	46.972656	-248.828125
429241.244679	0.935865	46.972656	-248.828125
429241.246679	0.934877	10.283650	0.035532
429242.225250	0.654718	114.550781	139.453125
429242.227253	0.921129	114.550781	139.453125
429242.229252	0.935436	114.550781	139.453125
429242.231254	0.933104	10.264144	0.111479
429243.339280	0.640259	19.238281	-228.222656
429243.341281	0.916099	19.238281	-228.222656
429243.343283	0.934731	19.238281	-228.222656
429243.345281	0.932240	10.254643	0.064014
429244.321817	0.550304	124.316406	119.140625
429244.325816	0.935333	124.316406	119.140625
429244.327821	0.932503	124.316406	119.140625
429244.329820	0.930950	10.240446	0.022948
429245.435955	0.554997	-58.496094	-216.601562
429245.437956	0.878354	-58.496094	-216.601562
429245.439955	0.935156	-58.496094	-216.601562
429245.441956	0.932310	10.255414	0.017698
429246.454043	0.903085	133.691406	96.191406
429246.456043	0.935313	133.691406	96.191406
429246.458046	0.932634	10.258968	0.018980
429247.502119	0.854157	-106.835937	-201.464844
429247.504118	0.935364	-106.835937	-201.464844
429247.506119	0.932296	10.255255	0.015462
429248.550190	0.781598	148.437500	97.656250
429248.552193	0.936853	148.437500	97.656250
429248.554193	0.934051	10.274557	0.031047
429249.564193	0.458819	-129.296875	-210.351562
429249.566196	0.812103	-129.296875	-210.351562
429249.568194	0.937736	-129.296875	-210.351562
429249.570197	0.934750	10.282249	0.015432
429250.648761	0.926579	150.488281	112.011719
429250.650762	0.934257	150.488281	112.011719
429250.652763	0.931939	10.251329	0.243353
429251.660826	0.364821	-137.695312	-243.554687
429251.662829	0.727777	-137.695312	-243.554687
429251.664829	0.935121	-137.695312	-243.554687
429251.666830	0.935108	10.286184	0.014982
429252.742864	0.492238	140.722656	137.011719
429252.746864	0.936987	140.722656	137.011719
429252.750872	0.932186	140.722656	137.011719
429252.752874	0.931043	10.241474	0.029344
429253.757819	0.332676	-82.226562	-272.167969
429253.759821	0.697162	-82.226562	-272.167969
429253.761822	0.931090	-82.226562	-272.167969
429253.763821	0.935497	-82.226562	-272.167969
429253.765821	0.933286	10.266147	0.021093
429254.839870	0.464705	122.070312	140.625000
429254.841871	0.816719	122.070312	140.625000
429254.843871	0.936937	122.070312	140.625000
429254.845873	0.933931	10.273246	0.015729
429255.855920	0.511067	-29.199219	-289.257812
429255.857921	0.851050	-29.199219	-289.257812
429255.859922	0.936128	-29.199219	-289.257812
429255.861922	0.933004	10.263045	0.027168
429256.903959	0.412543	113.867187	159.277344
429256.905960	0.772263	113.867187	159.277344
429256.907961	0.937349	113.867187	159.277344
429256.909960	0.934918	10.284093	0.017639
429257.953997	0.678292	15.722656	-289.160156
429257.955999	0.926552	15.722656	-289.160156
429257.957999	0.934614	15.722656	-289.160156
429257.959999	0.932273	10.255007	0.036496
429258.968608	0.460787	109.472656	162.792969
429258.970607	0.813668	109.472656	162.792969
429258.972610	0.937113	109.472656	162.792969
429258.974612	0.933990	10.273892	0.018266
429260.052648	0.894238	37.695312	-285.253906
429260.054649	0.935367	37.695312	-285.253906
429260.056651	0.932548	10.258029	0.040552
429261.065606	0.433466	106.347656	152.148437
429261.067609	0.790675	106.347656	152.148437
429261.071607	0.934275	106.347656	152.148437
429261.075606	0.931102	10.242121	0.013398
429262.147632	0.556732	35.937500	-286.523437
429262.149634	0.569472	35.937500	-286.523437
429262.151634	0.935117	35.937500	-286.523437
429262.153634	0.932346	10.255804	0.040666
429263.163675	0.597256	104.296875	143.652344
429263.165677	0.899656	104.296875	143.652344
429263.167675	0.935035	104.296875	143.652344
429263.169675	0.932383	10.256212	0.010885
429264.243680	0.355126	37.695312	-284.765625
429264.245701	0.718422	37.695312	-284.765625
429264.247702	0.933805	37.695312	-284.765625
429264.249703	0.934314	37.695312	-284.765625
429264.251702	0.932172	10.253890	0.038280
429265.230253	0.674514	109.960937	162.792969
429265.232256	0.934553	109.960937	162.792969
429265.234255	0.932066	10.252729	0.017888
429266.340815	0.351460	25.976562	-292.675781
429266.342828	0.715066	25.976562	-292.675781
429266.344830	0.935185	25.976562	-292.675781
429266.346830	0.936665	25.976562	-292.675781
429266.348830	0.934650	10.281151	0.032729
429267.326904	0.872440	110.058594	162.890625
429267.328907	0.935722	110.058594	162.890625
429267.330906	0.932804	10.260847	0.015360
429268.405493	0.406718	48.046875	-285.253906
429268.407492	0.766970	48.046875	-285.253906
429268.409499	0.937000	48.046875	-285.253906
429268.413496	0.932692	10.259615	0.046142
429269.422448	0.613116	111.328125	163.183594
429269.424448	0.906285	111.328125	163.183594
429269.426450	0.934814	111.328125	163.183594
429269.428448	0.932219	10.254404	0.019325
429270.502491	0.378029	8.496094	-297.753906
429270.504493	0.740243	8.496094	-297.753906
429270.506493	0.938823	8.496094	-297.753906
429270.508495	0.937965	10.317610	0.034486
429271.551054	0.376166	113.867187	146.582031
429271.553056	0.738480	113.867187	146.582031
429271.555054	0.937964	113.867187	146.582031
429271.557055	0.937206	10.309271	0.015048
429272.567063	0.412964	-12.890625	-291.406250
429272.569065	0.772563	-12.890625	-291.406250
429272.571065	0.937107	-12.890625	-291.406250
429272.573065	0.934519	10.279706	0.041422
429273.649155	0.546851	126.562500	143.164062
429273.653155	0.935782	126.562500	143.164062
429273.655158	0.932911	126.562500	143.164062
429273.657157	0.931318	10.244496	0.020299
429274.665207	0.587779	-75.195312	-277.246094
429274.667206	0.894971	-75.195312	-277.246094
429274.669207	0.934369	-75.195312	-277.246094
429274.671207	0.931771	10.249476	0.021580
429275.745243	0.352038	143.066406	126.464844
429275.747269	0.715570	143.066406	126.464844
429275.749268	0.933376	143.066406	126.464844
429275.751269	0.934166	143.066406	126.464844
429275.753271	0.931885	10.250735	0.032624
429276.729373	0.549802	-82.714844	-243.652344
429276.731375	0.875498	-82.714844	-243.652344
429276.735373	0.932745	-82.714844	-243.652344
429276.737375	0.931141	10.242556	0.025292
429277.845948	0.913596	154.687500	107.812500
429277.847951	0.935055	154.687500	107.812500
429277.849952	0.932546	10.258012	0.036576
429278.826885	0.616065	-94.335937	-217.578125
429278.828886	0.907631	-94.335937	-217.578125
429278.830885	0.935154	-94.335937	-217.578125
429278.834885	0.931159	10.242750	0.019939
429279.945834	0.933215	151.953125	91.210937
429279.947836	0.933104	10.264144	0.025027
429280.958792	0.905243	-95.800781	-211.621094
429280.960794	0.933977	-95.800781	-211.621094
429280.962794	0.931430	10.245728	0.014108
429282.007336	0.617687	139.257812	88.769531
429282.009336	0.934728	139.257812	88.769531
429282.011338	0.932159	10.253748	0.025397
429283.053389	0.513087	-43.359375	-218.261719
429283.055393	0.852259	-43.359375	-218.261719
429283.057391	0.935738	-43.359375	-218.261719
429283.059392	0.932667	10.259332	0.020718
429284.069442	0.557506	130.664062	101.464844
429284.071443	0.879715	130.664062	101.464844
429284.073443	0.935150	130.664062	101.464844
429284.075444	0.932409	10.256495	0.024572
429285.153508	0.928343	31.542969	-226.269531
429285.155514	0.934454	31.542969	-226.269531
429285.157514	0.932073	10.252800	0.277437
429286.133482	0.496781	128.027344	126.953125
429286.137484	0.935735	128.027344	126.953125
429286.139486	0.932752	128.027344	126.953125
429286.141484	0.931032	10.241350	0.028666
429287.251527	0.936060	49.902344	-248.339844
429287.253530	0.932870	10.261574	0.038010
429288.230076	0.393436	116.699219	132.421875
429288.232076	0.754696	116.699219	132.421875
429288.234077	0.936277	116.699219	132.421875
429288.236078	0.934354	10.277898	0.020696
429289.344123	0.378801	46.386719	-272.558594
429289.346125	0.740947	46.386719	-272.558594
429289.348125	0.935801	46.386719	-272.558594
429289.350126	0.934879	10.283668	0.041862
429290.328173	0.564306	112.792969	140.527344
429290.330175	0.883355	112.792969	140.527344
429290.332172	0.935023	112.792969	140.527344
429290.334175	0.932258	10.254839	0.019887
429291.442751	0.649105	43.554687	-284.765625
429291.444752	0.918772	43.554687	-284.765625
429291.446754	0.934600	43.554687	-284.765625
429291.448752	0.932165	10.253819	0.110258
429292.426769	0.817988	110.449219	143.359375
429292.428770	0.936053	110.449219	143.359375
429292.430772	0.932795	10.260741	0.017164
429293.538866	0.464688	31.347656	-302.929687
429293.540869	0.816699	31.347656	-302.929687
429293.542870	0.936756	31.347656	-302.929687
429293.544870	0.933645	10.270090	0.032664
429294.522894	0.642307	110.156250	147.753906
429294.524896	0.916314	110.156250	147.753906
429294.526900	0.934132	110.156250	147.753906
429294.528902	0.931752	10.249273	0.060365
429295.603455	0.501600	53.613281	-290.722656
429295.605456	0.844442	53.613281	-290.722656
429295.607457	0.936598	53.613281	-290.722656
429295.609458	0.933579	10.269364	0.039538
429296.619518	0.544080	110.644531	147.558594
429296.621521	0.871712	110.644531	147.558594
429296.623521	0.934671	110.644531	147.558594
429296.625521	0.931709	10.248795	0.013294
429297.701555	0.670480	26.269531	-304.882812
429297.703557	0.924176	26.269531	-304.882812
429297.705556	0.933763	26.269531	-304.882812
429297.707557	0.931386	10.245241	0.040207
429298.717595	0.710481	110.937500	146.875000
429298.719598	0.932298	110.937500	146.875000
429298.721598	0.934292	110.937500	146.875000
429298.723598	0.932053	10.252579	0.013020
429299.799632	0.826341	31.835937	-304.785156
429299.801637	0.937241	31.835937	-304.785156
429299.803637	0.934165	10.275816	0.034383
429300.816164	0.903400	112.207031	146.679687
429300.818165	0.934730	112.207031	146.679687
429300.820165	0.932103	10.253137	0.012003
429301.896784	0.486708	30.761719	-306.054687
429301.898786	0.936027	30.761719	-306.054687
429301.900788	0.932782	10.260599	0.033460
429302.878812	0.653375	117.089844	159.765625
429302.880814	0.919565	117.089844	159.765625
429302.882813	0.933860	117.089844	159.765625
429302.884813	0.931548	10.247030	0.110678
429303.958880	1.623474	57.519531	-294.531250
429303.960880	0.782355	57.519531	-294.531250
429303.962882	0.936793	57.519531	-294.531250
429303.964882	0.934036	10.274398	0.046067
429304.977882	0.915841	114.941406	152.539062
429304.979882	0.934393	114.941406	152.539062
429304.981882	0.931911	10.251019	0.046815
429306.060483	0.935431	40.820312	-301.171875
429306.062482	0.932293	10.255219	0.041805
429307.072536	0.550663	111.816406	142.382812
429307.074537	0.875650	111.816406	142.382812
429307.076536	0.935089	111.816406	142.382812
429307.078537	0.932213	10.254342	0.014011
429308.154554	0.672465	58.300781	-292.773437
429308.156554	0.924564	58.300781	-292.773437
429308.158555	0.933829	58.300781	-292.773437
429308.160556	0.931493	10.246420	0.223021
429309.169561	0.526772	111.816406	140.234375
429309.171563	0.861051	111.816406	140.234375
429309.173562	0.935187	111.816406	140.234375
429309.175563	0.932199	10.254191	0.011781
429310.250524	0.459726	50.781250	-292.773437
429310.252526	0.812992	50.781250	-292.773437
429310.254526	0.938801	50.781250	-292.773437
429310.256526	0.935874	10.294613	0.044292
429311.234561	0.637539	116.503906	142.675781
429311.236561	0.914670	116.503906	142.675781
429311.238560	0.934015	116.503906	142.675781
429311.240561	0.931586	10.247448	0.045137
429312.348621	0.629145	50.878906	-284.277344
429312.350623	0.912220	50.878906	-284.277344
429312.354621	0.932201	50.878906	-284.277344
429312.356624	0.930839	10.239232	0.041908
429313.330663	0.449456	117.968750	130.761719
429313.332665	0.804228	117.968750	130.761719
429313.334665	0.937163	117.968750	130.761719
429313.336665	0.934168	10.275851	0.019367
429314.446692	0.791309	51.660156	-268.066406
429314.448694	0.797924	51.660156	-268.066406
429314.450696	0.933297	10.266271	0.038372
429315.429220	0.702002	118.359375	112.402344
429315.431223	0.931083	118.359375	112.402344
429315.433224	0.934402	118.359375	112.402344
429315.435222	0.932148	10.253625	0.015300
429316.543308	0.698237	21.289062	-257.519531
429316.545309	0.930316	21.289062	-257.519531
429316.547309	0.934134	21.289062	-257.519531
429316.551307	0.930720	10.237921	0.322643
429317.527323	0.852895	129.785156	104.492187
429317.529327	0.935109	129.785156	104.492187
429317.531326	0.932044	10.252481	0.019173
429318.641885	0.898290	-14.648437	-241.113281
429318.643887	0.934445	-14.648437	-241.113281
429318.645888	0.931916	10.251072	0.018376
429319.622806	0.574043	143.066406	94.531250
429319.624807	0.888411	143.066406	94.531250
429319.628805	0.932007	143.066406	94.531250
429319.630806	0.930571	10.236281	0.028653
429320.703743	0.501974	-67.773437	-230.957031
429320.705743	0.516070	-67.773437	-230.957031
429320.707743	0.936015	-67.773437	-230.957031
429320.709743	0.932997	10.262965	0.018995
429321.719789	0.543963	155.761719	88.964844
429321.721789	0.871385	155.761719	88.964844
429321.723791	0.934197	155.761719	88.964844
429321.725790	0.931348	10.244824	0.044489
429322.767851	0.451144	-89.453125	-225.000000
429322.769852	0.805483	-89.453125	-225.000000
429322.771853	0.936075	-89.453125	-225.000000
429322.773852	0.932852	10.261371	0.016813
429323.848403	0.303405	163.769531	90.820312
429323.852403	0.924091	163.769531	90.820312
429323.854403	0.934228	163.769531	90.820312
429323.858404	0.930560	10.236156	0.039163
429324.834425	0.832720	-87.109375	-234.863281
429324.836426	0.936643	-87.109375	-234.863281
429324.838425	0.933463	10.268087	0.021722
429325.947370	0.634829	160.253906	100.976562
429325.949374	0.913837	160.253906	100.976562
429325.951374	0.933988	160.253906	100.976562
429325.953373	0.931535	10.246881	0.061526
429326.931455	0.815738	-85.449219	-264.160156
429326.933457	0.936138	-85.449219	-264.160156
429326.935458	0.932913	10.262044	0.022575
429328.046054	0.875839	147.558594	113.183594
429328.048056	0.934702	147.558594	113.183594
429328.050055	0.931883	10.250717	0.027186
429329.026107	0.370663	-60.449219	-292.871094
429329.028112	0.732983	-60.449219	-292.871094
429329.030109	0.935138	-60.449219	-292.871094
429329.032111	0.934661	10.281275	0.025386
429330.108170	0.503709	137.890625	133.984375
429330.110173	0.845652	137.890625	133.984375
429330.112171	0.935328	137.890625	133.984375
429330.114172	0.932173	10.253900	0.032777
429331.124187	0.541861	-19.531250	-308.886719
429331.126187	0.870439	-19.531250	-308.886719
429331.130186	0.932085	-19.531250	-308.886719
429331.132188	0.930657	10.237229	0.034813
429332.204205	0.295515	126.562500	136.328125
429332.208204	0.922328	126.562500	136.328125
429332.210209	0.934423	126.562500	136.328125
429332.212206	0.932063	10.252694	0.020520
429333.220261	0.344232	14.453125	-312.402344
429333.222263	0.707906	14.453125	-312.402344
429333.224262	0.931419	14.453125	-312.402344
429333.226262	0.933562	14.453125	-312.402344
429333.228263	0.931363	10.244993	0.041792
429334.270799	0.699032	122.167969	143.359375
429334.272800	0.930040	122.167969	143.359375
429334.274800	0.933659	122.167969	143.359375
429334.276799	0.931511	10.246623	0.023474
429335.318835	0.602583	24.316406	-314.160156
429335.320837	0.901520	24.316406	-314.160156
429335.322838	0.934058	24.316406	-314.160156
429335.324839	0.931593	10.247519	0.042092
429336.367392	0.595194	119.628906	139.062500
429336.369393	0.898349	119.628906	139.062500
429336.371394	0.934220	119.628906	139.062500
429336.373394	0.931572	10.247297	0.021220
429337.415435	0.500722	26.074219	-314.550781
429337.417439	0.843285	26.074219	-314.550781
429337.419438	0.935045	26.074219	-314.550781
429337.421438	0.931817	10.249982	0.038559
429338.464401	0.571335	120.117187	138.476562
429338.466401	0.886791	120.117187	138.476562
429338.468401	0.934292	120.117187	138.476562
429338.470401	0.931646	10.248103	0.018848
429339.512420	0.470838	15.527344	-317.968750
429339.516422	0.936911	15.527344	-317.968750
429339.518422	0.933832	15.527344	-317.968750
429339.520420	0.931895	10.250842	0.030236
429340.560974	0.467006	123.144531	136.328125
429340.562975	0.818315	123.144531	136.328125
429340.564977	0.936703	123.144531	136.328125
429340.566980	0.933595	10.269541	0.021485
429341.608986	0.361736	-9.082031	-324.316406
429341.610987	0.724478	-9.082031	-324.316406
429341.612989	0.933726	-9.082031	-324.316406
429341.614988	0.933877	10.272643	0.027105
429342.659049	0.443315	127.929687	133.105469
429342.661050	0.913362	127.929687	133.105469
429342.663049	0.933829	127.929687	133.105469
429342.665051	0.931523	10.246756	0.019651
429343.675124	0.679801	-11.425781	-314.941406
429343.677125	0.926255	-11.425781	-314.941406
429343.681124	0.931438	-11.425781	-314.941406
429343.683126	0.930246	10.232709	0.244219
429344.755205	0.453595	134.863281	128.417969
429344.757208	0.470149	134.863281	128.417969
429344.759208	0.937158	134.863281	128.417969
429344.761208	0.934047	10.274513	0.023222
429345.771227	0.492454	-52.734375	-309.472656
429345.773230	0.837715	-52.734375	-309.472656
429345.775229	0.936444	-52.734375	-309.472656
429345.777229	0.933336	10.266696	0.024129
429346.853286	0.621414	147.363281	120.703125
429346.855288	0.909257	147.363281	120.703125
429346.857287	0.934460	147.363281	120.703125
429346.859287	0.931861	10.250469	0.029591
429347.835848	0.535390	-47.949219	-277.148437
429347.837850	0.866273	-47.949219	-277.148437
429347.839850	0.934589	-47.949219	-277.148437
429347.841849	0.931727	10.248999	0.029466
429348.952407	0.906971	160.351562	103.515625
429348.954409	0.934010	160.351562	103.515625
429348.956410	0.931519	10.246712	0.037719
429349.932926	0.520177	-77.929687	-253.320312
429349.934927	0.856393	-77.929687	-253.320312
429349.936928	0.934282	-77.929687	-253.320312
429349.938928	0.931332	10.244647	0.024954
429351.047517	0.607990	164.648437	87.304687
429351.049519	0.903742	164.648437	87.304687
429351.051519	0.933977	164.648437	87.304687
429351.053519	0.931523	10.246756	0.033794
429352.030100	0.527077	-66.796875	-233.691406
429352.032101	0.861136	-66.796875	-233.691406
429352.034101	0.934938	-66.796875	-233.691406
429352.036101	0.932002	10.252020	0.024454
429353.110652	0.381038	161.230469	84.375000
429353.112653	0.742873	161.230469	84.375000
429353.114654	0.934977	161.230469	84.375000
429353.116655	0.933454	10.267999	0.033164
429354.126721	1.485608	-34.570312	-225.976562
429354.128723	0.789055	-34.570312	-225.976562
429354.132722	0.933211	-34.570312	-225.976562
429354.134723	0.931318	10.244496	0.027339
429355.176780	0.699136	152.343750	85.937500
429355.178784	0.929900	152.343750	85.937500
429355.180782	0.933427	152.343750	85.937500
429355.182782	0.931246	10.243708	0.039118
429356.256844	0.468168	-7.421875	-237.597656
429356.258846	0.819398	-7.421875	-237.597656
429356.260846	0.937481	-7.421875	-237.597656
429356.262845	0.934469	10.279157	0.023235
429357.277806	0.933678	137.109375	86.816406
429357.279808	0.931361	10.244975	0.207902
429358.353846	0.441497	22.753906	-252.832031
429358.355846	0.797283	22.753906	-252.832031
429358.357848	0.935911	22.753906	-252.832031
429358.359848	0.932830	10.261131	0.031182
429359.337892	0.622323	135.839844	105.664062
429359.339894	0.909024	135.839844	105.664062
429359.341897	0.933450	135.839844	105.664062
429359.343894	0.933363	10.266998	0.029810
429360.452446	0.703626	52.441406	-263.378906
429360.454448	0.930938	52.441406	-263.378906
429360.456449	0.933707	52.441406	-263.378906
429360.458450	0.931485	10.246331	0.037812
429361.437028	0.907772	125.585937	106.542969
429361.439028	0.934516	125.585937	106.542969
429361.441028	0.931950	10.251453	0.022244
429362.549084	0.606816	59.179687	-277.148437
429362.551091	0.903087	59.179687	-277.148437
429362.553087	0.933861	59.179687	-277.148437
429362.555089	0.931266	10.243929	0.037331
429363.534014	0.893867	124.121094	114.843750
429363.536017	0.934146	124.121094	114.843750
429363.538017	0.931498	10.246472	0.016751
429364.648590	0.924154	58.593750	-289.843750
429364.650594	0.933094	58.593750	-289.843750
429364.652593	0.930776	10.238541	0.033921
429365.631145	0.893088	119.042969	110.839844
429365.633145	0.934110	119.042969	110.839844
429365.635147	0.931498	10.246481	0.013231
429366.743241	0.580486	55.078125	-296.582031
429366.745243	0.891246	55.078125	-296.582031
429366.747244	0.933960	55.078125	-296.582031
429366.749243	0.931259	10.243850	0.027559
429367.692185	0.337068	124.023437	122.656250
429367.694188	0.701016	124.023437	122.656250
429367.696186	0.930411	124.023437	122.656250
429367.698186	0.931355	124.023437	122.656250
429367.700187	0.931556	10.247110	0.024777
429368.808224	0.688556	74.902344	-288.378906
429368.810226	0.927648	74.902344	-288.378906
429368.812229	0.932982	74.902344	-288.378906
429368.814228	0.930869	10.239560	0.049220
429369.790268	0.510826	125.292969	121.777344
429369.794267	0.935363	125.292969	121.777344
429369.796270	0.932274	125.292969	121.777344
429369.798270	0.930718	10.237894	0.024624
429370.904293	0.495831	70.117187	-287.011719
429370.908293	0.937256	70.117187	-287.011719
429370.910295	0.934229	70.117187	-287.011719
429370.912295	0.932372	10.256088	0.047189
429371.888327	0.673198	126.855469	116.992187
429371.890330	0.924059	126.855469	116.992187
429371.892330	0.932795	126.855469	116.992187
429371.894332	0.930625	10.236875	0.025295
429373.000413	0.305116	64.550781	-280.761719
429373.002416	0.670683	64.550781	-280.761719
429373.004415	0.924117	64.550781	-280.761719
429373.006417	0.933550	64.550781	-280.761719
429373.008416	0.931303	10.244328	0.042562
429373.984473	0.493493	130.273437	111.425781
429373.986473	0.838360	130.273437	111.425781
429373.988472	0.842724	130.273437	111.425781
429373.990475	0.932838	10.261220	0.022758
429375.099042	0.574779	45.214844	-275.195312
429375.101044	0.888566	45.214844	-275.195312
429375.103043	0.934271	45.214844	-275.195312
429375.105044	0.931514	10.246659	0.032953
429376.081126	0.402094	133.789062	100.585937
429376.083126	0.762366	133.789062	100.585937
429376.085127	0.936059	133.789062	100.585937
429376.087125	0.933691	10.270596	0.022268
429377.197215	0.759459	18.945312	-265.625000
429377.199216	0.935457	18.945312	-265.625000
429377.201216	0.933199	10.265189	0.023288
429378.179234	0.575930	143.652344	93.261719
429378.181238	0.889289	143.652344	93.261719
429378.185236	0.932032	143.652344	93.261719
429378.187235	0.930534	10.235873	0.023030
429379.260186	0.505964	1.855469	-248.535156
429379.262187	0.847190	1.855469	-248.535156
429379.264189	0.935523	1.855469	-248.535156
429379.266189	0.932374	10.256115	0.031270
429380.276216	0.545751	152.441406	83.496094
429380.278217	0.872483	152.441406	83.496094
429380.280218	0.934402	152.441406	83.496094
429380.282217	0.931573	10.247305	0.034226
