num crossings	time (s)	maj axis (mm)	min axis (mm)	theta (rad )	slope (V/s)
346923	362920.104747	99.597659	-2.133648	-0.442399	129.344262
346925	362922.196734	99.334617	-2.139097	-0.444374	139.225001
346927	362924.288698	99.222266	-2.188903	-0.444328	139.767133
346931	362928.472404	98.773327	-2.242983	-0.444713	132.903249
346933	362930.564142	98.649986	-2.263044	-0.444305	128.800654
346935	362932.657122	98.398150	-2.339540	-0.446134	132.576044
346937	362934.749770	98.213423	-2.357248	-0.449298	125.586106
346939	362936.840984	98.241310	-2.341290	-0.446920	124.519296
346941	362938.931944	97.742554	-2.428160	-0.443869	123.228057
346943	362941.025592	97.517212	-2.519483	-0.449120	124.406062
346945	362943.117132	97.773489	-2.431165	-0.448957	138.842223
346947	362945.207876	97.120144	-2.583351	-0.444599	128.373171
346949	362947.301517	97.234652	-2.608838	-0.451197	140.278510
346951	362949.392828	97.267089	-2.546465	-0.449138	123.083363
346953	362951.484284	96.574587	-2.665679	-0.446059	131.349315
346955	362953.577581	96.552179	-2.696972	-0.452371	129.723636
346957	362955.669055	96.481148	-2.686936	-0.449308	122.428707
346959	362957.760370	96.400046	-2.735894	-0.448402	134.177980
346963	362961.945004	95.724159	-2.821857	-0.451661	130.356165
346965	362964.037762	95.784054	-2.856154	-0.453248	127.423890
346967	362966.130023	95.708082	-2.886063	-0.453377	131.826161
346969	362968.221682	95.496961	-2.906058	-0.453462	135.615087
346973	362972.405086	94.922458	-2.953964	-0.454033	124.676303
346975	362974.496691	95.047564	-3.012692	-0.454963	127.406459
346977	362976.588179	94.786915	-3.037158	-0.457921	126.377657
346979	362978.680393	94.431945	-3.020678	-0.458617	129.955928
346981	362980.773676	94.368236	-3.099653	-0.456541	116.506015
346983	362982.865365	94.307680	-3.124718	-0.457825	131.384678
346985	362984.955754	94.114051	-3.166437	-0.462516	127.958264
346987	362987.048597	93.688883	-3.114445	-0.462600	123.607995
346989	362989.141573	93.661077	-3.183586	-0.460701	125.386053
346991	362991.232243	93.631659	-3.246061	-0.462891	123.807964
346995	362995.416423	92.971088	-3.268025	-0.465793	132.330897
346997	362997.509104	93.017629	-3.292908	-0.465328	116.587751
346999	362999.600788	92.805675	-3.312379	-0.466372	121.159995
347001	363001.691939	92.715963	-3.331029	-0.467696	123.954312
347005	363005.874965	92.184431	-3.357405	-0.470200	119.538589
347007	363007.967219	92.177817	-3.423406	-0.470104	122.224386
347009	363010.058946	91.970253	-3.446091	-0.470990	125.076835
347011	363012.150832	91.789084	-3.465355	-0.471548	118.954667
347015	363016.335747	91.232551	-3.553213	-0.475437	121.578746
347017	363018.428081	91.226175	-3.585356	-0.477563	120.048250
347019	363020.519277	91.286683	-3.612591	-0.476383	113.937598
347021	363022.610185	90.921920	-3.652287	-0.474805	111.087962
347023	363024.701912	90.534174	-3.671831	-0.474776	117.217700
347025	363026.795082	90.498615	-3.738550	-0.479027	120.832844
347027	363028.887358	90.535036	-3.736319	-0.480990	115.975032
347029	363030.977956	90.380939	-3.758220	-0.479157	112.055495
347031	363033.069396	90.081269	-3.790004	-0.477646	114.518419
347033	363035.161664	89.850753	-3.848111	-0.479891	108.943870
347035	363037.254189	89.505854	-3.870720	-0.481846	119.723756
347039	363041.438402	89.444028	-3.900112	-0.483470	118.407593
347041	363043.529866	89.357231	-3.940749	-0.483774	114.773608
347043	363045.621537	89.175253	-3.974330	-0.484184	117.753617
347045	363047.713104	88.929099	-4.005721	-0.485018	113.279791
347047	363049.805345	88.807796	-4.036298	-0.485880	111.525225
347049	363051.897385	88.549452	-4.048524	-0.486754	113.401349
347053	363056.081319	88.167299	-4.104613	-0.487865	113.990387
347055	363058.172301	88.108580	-4.137002	-0.488881	111.049120
347057	363060.263314	88.029950	-4.173189	-0.490796	110.741136
347061	363064.447350	87.402036	-4.236483	-0.494053	108.941718
347063	363066.540204	87.522802	-4.244516	-0.494034	110.474106
347065	363068.632187	87.014381	-4.245388	-0.495257	107.007753
347067	363070.722773	87.100658	-4.298376	-0.494924	110.697401
347069	363072.813970	87.005206	-4.329329	-0.497409	107.072600
347071	363074.905994	86.583875	-4.336708	-0.499754	108.337527
347073	363076.998160	86.584684	-4.358622	-0.500237	108.927487
347075	363079.090319	86.418204	-4.400655	-0.500420	102.763676
347077	363081.182394	86.345071	-4.433639	-0.501186	111.872099
347079	363083.274496	86.154950	-4.459575	-0.501791	105.194938
347081	363085.366112	85.995207	-4.491654	-0.503829	106.381387
347083	363087.457696	85.860806	-4.508699	-0.504817	107.108442
347085	363089.549469	85.782491	-4.534803	-0.505852	106.814651
347087	363091.640904	85.607971	-4.552314	-0.506776	107.727491
347089	363093.732266	85.454255	-4.572934	-0.507704	106.169747
347091	363095.823483	85.248225	-4.635382	-0.508490	104.041276
347093	363097.914822	85.114144	-4.654809	-0.509919	105.601624
347095	363100.006355	84.774984	-4.659170	-0.508143	103.439223
347097	363102.098480	84.644208	-4.693881	-0.509453	104.384191
347099	363104.190797	84.497464	-4.735988	-0.511483	105.693850
347103	363108.374611	84.397886	-4.772448	-0.515024	104.597863
347105	363110.465824	84.253384	-4.787896	-0.514393	103.675845
347107	363112.556644	84.007031	-4.848371	-0.514739	102.784596
347109	363114.648274	83.847046	-4.841289	-0.514125	100.171817
347111	363116.740179	83.602043	-4.855926	-0.515316	100.200780
347113	363118.832165	83.419811	-4.882973	-0.516513	102.198874
347117	363123.016182	83.093330	-4.938495	-0.519300	102.919083
347119	363125.108000	83.014290	-4.969256	-0.520095	100.980834
347121	363127.199834	82.798952	-4.994317	-0.521136	103.951152
347125	363131.382397	82.584802	-5.046727	-0.522247	101.874212
347127	363133.473761	82.448412	-5.068081	-0.523688	100.778912
347129	363135.565260	82.382289	-5.091157	-0.524107	99.370289
347131	363137.656594	82.251976	-5.120070	-0.527104	102.418182
347135	363141.840135	81.821076	-5.182534	-0.529582	96.576659
347137	363143.932223	81.750032	-5.212476	-0.528542	100.369229
347139	363146.024656	81.591402	-5.247824	-0.530767	100.070074
347141	363148.116282	81.400161	-5.268546	-0.531249	99.473004
347143	363150.207354	81.298820	-5.279926	-0.532109	97.800637
347145	363152.298163	81.192664	-5.289373	-0.532576	94.365460
347147	363154.389417	81.134878	-5.316397	-0.534430	94.470834
347151	363158.572506	80.737217	-5.343700	-0.536915	93.339755
347153	363160.664129	80.581953	-5.397018	-0.540939	92.457182
347155	363162.755900	80.398291	-5.448625	-0.541514	94.097812
347157	363164.847467	80.282775	-5.456925	-0.541743	94.382915
347159	363166.938884	80.180832	-5.468436	-0.542197	97.976697
347161	363169.030356	80.067948	-5.488391	-0.545960	96.800585
347163	363171.121580	79.899708	-5.523426	-0.545272	94.542615
347165	363173.213158	79.806837	-5.519037	-0.544283	96.478569
347167	363175.304837	79.660105	-5.530923	-0.543799	93.243600
347169	363177.396841	79.486118	-5.557790	-0.544798	93.175089
347173	363181.581127	79.137700	-5.613315	-0.550258	95.422115
347175	363183.672649	79.133889	-5.643778	-0.551861	92.331265
347177	363185.763980	79.020106	-5.675799	-0.551790	94.475544
347179	363187.854790	78.906463	-5.689484	-0.550217	88.543055
347181	363189.946048	78.744827	-5.712943	-0.551275	93.108785
347183	363192.037146	78.543052	-5.751432	-0.553810	91.126932
347185	363194.128532	78.351836	-5.741311	-0.554174	91.478745
347187	363196.220194	78.270960	-5.763984	-0.554504	91.756017
347189	363198.311586	78.156152	-5.777664	-0.555245	92.780930
347193	363202.494022	77.834223	-5.806580	-0.556888	90.716232
347195	363204.585727	77.759801	-5.839319	-0.557432	89.358228
347197	363206.676919	77.647444	-5.865054	-0.558994	90.751110
347201	363210.859853	77.351429	-5.905183	-0.563198	91.491265
347203	363212.951322	77.177482	-5.949966	-0.565343	91.632963
347205	363215.043381	76.991983	-5.957340	-0.565965	88.671774
347207	363217.135094	76.838145	-5.979230	-0.565556	88.210057
347209	363219.226943	76.636873	-6.000085	-0.565904	87.098155
