crossing time (s)	slope (V/s)	crossing number
281474976710655.000000	4.215735	348171	0.000000
281474976710655.000000	4.187718	348172	0.000000
281474976710655.000000	4.173026	348173	0.000000
281474976710655.000000	4.184596	348174	364260786176.000000
281474976710655.000000	4.301217	348175	364261834752.000000
281474976710655.000000	4.354464	348176	364262883328.000000
281474976710655.000000	4.575879	348177	364263931904.000000
281474976710655.000000	4.439351	348178	364264980480.000000
281474976710655.000000	4.713388	348179	364266029056.000000
281474976710655.000000	4.738886	348180	364267077632.000000
281474976710655.000000	4.894556	348181	364268093440.000000
281474976710655.000000	4.851696	348182	364269174784.000000
281474976710655.000000	5.095031	348183	364270190592.000000
281474976710655.000000	4.999877	348184	364271271936.000000
281474976710655.000000	5.147083	348185	364272287744.000000
281474976710655.000000	5.344427	348186	364273369088.000000
281474976710655.000000	5.333485	348187	364274384896.000000
281474976710655.000000	5.716911	348188	364275466240.000000
281474976710655.000000	5.721563	348189	364276482048.000000
281474976710655.000000	5.763574	348190	364277563392.000000
281474976710655.000000	5.648673	348191	364278579200.000000
281474976710655.000000	6.191226	348192	364279660544.000000
281474976710655.000000	6.082027	348193	364280676352.000000
281474976710655.000000	6.006669	348194	364281724928.000000
281474976710655.000000	6.284721	348195	364282773504.000000
281474976710655.000000	6.237370	348196	364283822080.000000
281474976710655.000000	6.374351	348197	364284870656.000000
281474976710655.000000	6.431837	348198	364285919232.000000
281474976710655.000000	6.665292	348199	364286967808.000000
281474976710655.000000	6.541236	348200	364288016384.000000
281474976710655.000000	6.958998	348201	364289064960.000000
281474976710655.000000	6.624118	348202	364290113536.000000
281474976710655.000000	6.841431	348203	364291162112.000000
281474976710655.000000	6.925927	348204	364292210688.000000
281474976710655.000000	7.147395	348205	364293226496.000000
281474976710655.000000	6.870477	348206	364294307840.000000
281474976710655.000000	7.076519	348207	364295323648.000000
281474976710655.000000	7.295322	348208	364296404992.000000
281474976710655.000000	7.210283	348209	364297420800.000000
281474976710655.000000	7.127091	348210	364298502144.000000
281474976710655.000000	7.164111	348211	364299517952.000000
281474976710655.000000	7.503201	348212	364300566528.000000
281474976710655.000000	7.312788	348213	364301615104.000000
281474976710655.000000	7.826254	348214	364302663680.000000
281474976710655.000000	7.897800	348215	364303712256.000000
281474976710655.000000	7.497038	348216	364304760832.000000
281474976710655.000000	8.248180	348217	364305809408.000000
281474976710655.000000	7.528040	348218	364306857984.000000
281474976710655.000000	8.136264	348219	364307906560.000000
281474976710655.000000	7.416261	348220	364308955136.000000
281474976710655.000000	7.743090	348221	364309970944.000000
281474976710655.000000	8.120745	348222	364311052288.000000
281474976710655.000000	7.936333	348223	364312068096.000000
281474976710655.000000	8.168280	348224	364313149440.000000
281474976710655.000000	8.244282	348225	364314165248.000000
281474976710655.000000	8.190218	348226	364315246592.000000
281474976710655.000000	8.262543	348227	364316262400.000000
281474976710655.000000	8.260686	348228	364317310976.000000
281474976710655.000000	8.192573	348229	364318359552.000000
281474976710655.000000	8.273394	348230	364319408128.000000
281474976710655.000000	8.428767	348231	364320456704.000000
281474976710655.000000	8.485822	348232	364321505280.000000
281474976710655.000000	8.643347	348233	364322553856.000000
281474976710655.000000	8.545857	348234	364323602432.000000
281474976710655.000000	8.850554	348235	364324651008.000000
281474976710655.000000	8.252733	348236	364325699584.000000
281474976710655.000000	8.836426	348237	364326715392.000000
281474976710655.000000	8.770575	348238	364327796736.000000
281474976710655.000000	8.419577	348239	364328812544.000000
281474976710655.000000	8.972912	348240	364329893888.000000
281474976710655.000000	8.954617	348241	364330909696.000000
281474976710655.000000	8.637748	348242	364331958272.000000
281474976710655.000000	8.984886	348243	364333006848.000000
281474976710655.000000	8.691827	348244	364334055424.000000
281474976710655.000000	9.206711	348245	364335104000.000000
281474976710655.000000	8.951993	348246	364336152576.000000
281474976710655.000000	9.014613	348247	364337201152.000000
281474976710655.000000	8.961454	348248	364338249728.000000
281474976710655.000000	9.162849	348249	364339298304.000000
281474976710655.000000	9.030538	348250	364340346880.000000
281474976710655.000000	9.164909	348251	364341362688.000000
281474976710655.000000	8.909112	348252	364342444032.000000
281474976710655.000000	9.080657	348253	364343459840.000000
281474976710655.000000	9.034266	348254	364344541184.000000
281474976710655.000000	9.062010	348255	364345556992.000000
281474976710655.000000	9.441847	348256	364346605568.000000
281474976710655.000000	9.082224	348257	364347654144.000000
281474976710655.000000	9.386696	348258	364348702720.000000
281474976710655.000000	9.395958	348259	364349751296.000000
281474976710655.000000	9.136669	348260	364350799872.000000
281474976710655.000000	9.458276	348261	364351848448.000000
281474976710655.000000	9.538562	348262	364352897024.000000
281474976710655.000000	9.436016	348263	364353945600.000000
281474976710655.000000	9.777556	348264	364354994176.000000
281474976710655.000000	9.527231	348265	364356009984.000000
281474976710655.000000	9.408072	348266	364357091328.000000
281474976710655.000000	9.742898	348267	364358107136.000000
281474976710655.000000	9.426349	348268	364359155712.000000
281474976710655.000000	9.690526	348269	364360204288.000000
281474976710655.000000	9.429997	348270	364361252864.000000
281474976710655.000000	9.860505	348271	364362301440.000000
281474976710655.000000	9.610084	348272	364363350016.000000
281474976710655.000000	9.558913	348273	364364398592.000000
281474976710655.000000	9.730722	348274	364365447168.000000
281474976710655.000000	9.895734	348275	364366495744.000000
281474976710655.000000	9.438791	348276	364367544320.000000
281474976710655.000000	9.810104	348277	364368560128.000000
281474976710655.000000	9.850435	348278	364369641472.000000
281474976710655.000000	9.586234	348279	364370657280.000000
281474976710655.000000	10.030785	348280	364371738624.000000
281474976710655.000000	10.061332	348281	364372754432.000000
281474976710655.000000	9.685745	348282	364373803008.000000
281474976710655.000000	9.792320	348283	364374851584.000000
281474976710655.000000	9.639935	348284	364375900160.000000
281474976710655.000000	10.252443	348285	364376948736.000000
281474976710655.000000	9.677413	348286	364377997312.000000
281474976710655.000000	10.218323	348287	364379045888.000000
281474976710655.000000	10.084198	348288	364380094464.000000
281474976710655.000000	10.378943	348289	364381143040.000000
281474976710655.000000	9.931549	348290	364382191616.000000
281474976710655.000000	10.099263	348291	364383207424.000000
281474976710655.000000	10.210387	348292	364384288768.000000
281474976710655.000000	10.011029	348293	364385304576.000000
281474976710655.000000	10.098804	348294	364386385920.000000
281474976710655.000000	10.243014	348295	364387401728.000000
281474976710655.000000	9.946998	348296	364388450304.000000
281474976710655.000000	9.975275	348297	364389498880.000000
281474976710655.000000	10.263193	348298	364390547456.000000
281474976710655.000000	10.297575	348299	364391596032.000000
281474976710655.000000	10.140844	348300	364392644608.000000
281474976710655.000000	10.387086	348301	364393693184.000000
281474976710655.000000	10.058602	348302	364394741760.000000
281474976710655.000000	10.613006	348303	364395790336.000000
281474976710655.000000	10.031797	348304	364396838912.000000
281474976710655.000000	10.307289	348305	364397854720.000000
281474976710655.000000	10.366714	348306	364398936064.000000
281474976710655.000000	10.192673	348307	364399951872.000000
281474976710655.000000	10.511802	348308	364401000448.000000
281474976710655.000000	10.644624	348309	364402049024.000000
281474976710655.000000	9.823357	348310	364403097600.000000
281474976710655.000000	10.589035	348311	364404146176.000000
281474976710655.000000	10.255646	348312	364405194752.000000
281474976710655.000000	10.498864	348313	364406243328.000000
