time (s)	coil I (A)	last det (V)	int current (uC)
423701.843243	0.417041	172.656250	218.847656
423701.845246	0.776618	172.656250	218.847656
423701.847244	0.938345	172.656250	218.847656
423701.849245	0.935716	10.292875	0.468336
423702.925272	0.541907	442.578125	-120.898437
423702.927276	0.871500	442.578125	-120.898437
423702.929275	0.937024	442.578125	-120.898437
423702.931276	0.934239	10.276631	0.224680
423703.973334	0.447782	171.289062	184.082031
423703.975334	0.803386	171.289062	184.082031
423703.977334	0.938799	171.289062	184.082031
423703.979332	0.935958	10.295534	0.369892
423704.989360	0.489155	503.613281	-124.414062
423704.991361	0.502365	503.613281	-124.414062
423704.993362	0.937563	503.613281	-124.414062
423704.995362	0.934538	10.279919	0.275508
423706.073409	0.907391	179.101562	193.554687
423706.075412	0.935970	179.101562	193.554687
423706.077412	0.933492	10.268415	0.377596
423707.085931	0.380846	372.851562	-156.640625
423707.087935	0.743272	372.851562	-156.640625
423707.091931	0.935626	372.851562	-156.640625
423707.093932	0.933486	10.268345	0.286951
423708.169992	0.852781	156.152344	230.957031
423708.171995	0.936779	156.152344	230.957031
423708.173994	0.933767	10.271438	0.295040
423709.184035	0.553517	319.824219	-182.421875
423709.186037	0.877929	319.824219	-182.421875
423709.188036	0.936549	319.824219	-182.421875
423709.190038	0.933797	10.271766	0.320683
423710.264076	0.314195	133.691406	262.890625
423710.266079	0.680060	133.691406	262.890625
423710.268080	0.927547	133.691406	262.890625
423710.270078	0.935405	133.691406	262.890625
423710.272079	0.933156	10.264711	0.222038
423711.282133	0.718480	421.777344	-180.761719
423711.284136	0.934955	421.777344	-180.761719
423711.286138	0.935333	421.777344	-180.761719
423711.288137	0.933201	10.265217	0.672919
423712.334197	0.935831	133.007812	289.550781
423712.336199	0.933412	133.007812	289.550781
423712.338199	0.931891	10.250797	0.247519
423713.380224	0.866816	422.558594	-179.785156
423713.382225	0.936497	422.558594	-179.785156
423713.384227	0.933512	10.268637	0.409974
423714.394289	0.580749	140.039062	296.386719
423714.396293	0.892519	140.039062	296.386719
423714.398293	0.895249	140.039062	296.386719
423714.400292	0.933684	10.270525	0.371647
423715.476331	0.707040	456.347656	-169.531250
423715.478333	0.932005	456.347656	-169.531250
423715.480334	0.934628	456.347656	-169.531250
423715.482332	0.932403	10.256433	0.405377
423716.490334	0.377305	139.941406	287.109375
423716.494333	0.936227	139.941406	287.109375
423716.496335	0.935171	139.941406	287.109375
423716.498335	0.933113	10.264241	0.354248
423717.574407	0.852492	453.808594	-165.820312
423717.576409	0.936725	453.808594	-165.820312
423717.578408	0.933748	10.271225	0.363584
423718.588976	0.650445	133.593750	278.320312
423718.590978	0.919637	133.593750	278.320312
423718.592979	0.935363	133.593750	278.320312
423718.594980	0.932898	10.261875	0.370309
423719.671022	0.772377	441.406250	-167.675781
423719.675022	0.934500	441.406250	-167.675781
423719.677024	0.934366	10.278023	0.341211
423720.685542	0.542160	133.691406	274.316406
423720.687545	0.871360	133.691406	274.316406
423720.689547	0.936607	133.691406	274.316406
423720.693546	0.932053	10.252587	0.277933
423721.765517	0.287184	375.488281	-177.929687
423721.767520	0.654423	375.488281	-177.929687
423721.769520	0.921348	375.488281	-177.929687
423721.771520	0.935864	375.488281	-177.929687
423721.773519	0.933485	10.268336	0.314311
423722.781530	0.325756	127.148437	272.167969
423722.783531	0.690861	127.148437	272.167969
423722.785530	0.929947	127.148437	272.167969
423722.787531	0.935494	127.148437	272.167969
423722.789530	0.933214	10.265358	0.249242
423723.833583	0.899865	506.445312	-161.621094
423723.835584	0.935805	506.445312	-161.621094
423723.837584	0.933205	10.265261	0.469107
423724.848557	0.803121	142.187500	287.890625
423724.850559	0.937136	142.187500	287.890625
423724.852559	0.933968	10.273644	0.401291
423725.928655	0.581417	424.804687	-181.933594
423725.932654	0.935408	424.804687	-181.933594
423725.934656	0.932716	424.804687	-181.933594
423725.936656	0.931179	10.242972	0.425773
423726.978699	0.835027	129.199219	277.636719
423726.980705	0.937539	129.199219	277.636719
423726.982710	0.934473	10.279201	0.222983
423728.025265	0.486540	320.507812	-199.414062
423728.027265	0.833753	320.507812	-199.414062
423728.029266	0.937453	320.507812	-199.414062
423728.031266	0.934411	10.278519	0.328698
423729.075327	0.754700	143.359375	265.234375
423729.077329	0.936493	143.359375	265.234375
423729.079328	0.934557	10.280123	0.276920
423730.089386	0.439027	406.347656	-183.007812
423730.091386	0.795650	406.347656	-183.007812
423730.093385	0.938167	406.347656	-183.007812
423730.095386	0.935279	10.288073	0.437614
423731.168949	1.956350	157.421875	232.324219
423731.176311	0.934947	157.421875	232.324219
423731.178312	0.932742	10.260164	0.305049
423732.186840	0.492228	289.257812	-177.343750
423732.188842	0.838119	289.257812	-177.343750
423732.190842	0.937474	289.257812	-177.343750
423732.194841	0.932698	10.259678	0.317476
423733.268889	0.620398	171.484375	193.750000
423733.270891	0.909679	171.484375	193.750000
423733.272892	0.935730	171.484375	193.750000
423733.274892	0.933339	10.266731	0.331627
423734.284928	0.661859	337.207031	-153.710937
423734.286929	0.923087	337.207031	-153.710937
423734.288930	0.935423	337.207031	-153.710937
423734.290929	0.933046	10.263506	0.344393
423735.364963	0.427178	168.847656	167.871094
423735.366965	0.442323	168.847656	167.871094
423735.368967	0.937995	168.847656	167.871094
423735.370965	0.935237	10.287611	0.303737
423736.381023	2.173456	381.738281	-135.742187
423736.383026	0.824252	381.738281	-135.742187
423736.385027	0.938476	381.738281	-135.742187
423736.387028	0.935527	10.290792	0.240631
423737.429089	0.379485	184.765625	173.535156
423737.431089	0.741792	184.765625	173.535156
423737.433091	0.935987	184.765625	173.535156
423737.435092	0.934758	10.282338	0.399081
423738.480008	0.797270	428.906250	-130.371094
423738.482009	0.937962	428.906250	-130.371094
423738.484010	0.935184	10.287026	0.287853
423739.494057	1.668741	175.097656	199.609375
423739.496059	0.832178	175.097656	199.609375
423739.498059	0.936780	175.097656	199.609375
423739.500059	0.933707	10.270782	0.505583
423740.576128	0.615143	524.121094	-132.324219
423740.578130	0.907120	524.121094	-132.324219
423740.580129	0.934986	524.121094	-132.324219
423740.582130	0.932304	10.255343	0.338477
423741.592171	0.657138	155.371094	234.472656
423741.596171	0.934908	155.371094	234.472656
423741.598174	0.934777	155.371094	234.472656
423741.600173	0.931170	10.242866	0.448334
423742.674701	0.851419	457.128906	-158.300781
423742.676703	0.936715	457.128906	-158.300781
423742.678702	0.933624	10.269869	0.378772
423743.689276	2.125668	137.695312	255.566406
423743.691277	0.918401	137.695312	255.566406
423743.693277	0.934418	137.695312	255.566406
423743.695278	0.931987	10.251861	0.369532
423744.771296	0.770373	321.777344	-191.796875
423744.773299	0.938012	321.777344	-191.796875
423744.775298	0.935622	10.291839	0.832155
423745.785341	0.453811	140.136719	271.875000
423745.787345	0.808103	140.136719	271.875000
423745.789344	0.938028	140.136719	271.875000
423745.791349	0.934971	10.284678	0.301043
423746.833373	0.351882	389.746094	-192.578125
423746.835380	0.715570	389.746094	-192.578125
423746.837377	0.936099	389.746094	-192.578125
423746.839378	0.937770	389.746094	-192.578125
423746.841376	0.935883	10.294710	0.479887
423747.883419	0.621323	133.007812	263.769531
423747.885423	0.909645	133.007812	263.769531
423747.887421	0.935069	133.007812	263.769531
423747.889422	0.932537	10.257905	0.306077
423748.931452	0.522181	333.203125	-203.027344
423748.933454	0.858278	333.203125	-203.027344
423748.935453	0.935617	333.203125	-203.027344
423748.937454	0.932500	10.257498	0.402062
423749.979523	0.432380	143.066406	254.492187
423749.981527	0.789976	143.066406	254.492187
423749.983526	0.937849	143.066406	254.492187
423749.985524	0.935038	10.285414	0.323426
423751.029587	0.699231	211.718750	-210.351562
423751.033588	0.934463	211.718750	-210.351562
423751.035589	0.932213	211.718750	-210.351562
423751.037590	0.931000	10.240995	0.299556
423752.079693	0.906821	154.687500	239.257812
423752.081696	0.935519	154.687500	239.257812
423752.083695	0.932927	10.262195	0.343373
423753.092251	0.387157	371.386719	-191.210937
423753.094251	0.748890	371.386719	-191.210937
423753.096251	0.936461	371.386719	-191.210937
423753.098250	0.934942	10.284359	0.460904
423754.176287	0.853173	161.035156	224.121094
423754.178289	0.936394	161.035156	224.121094
423754.180288	0.933266	10.265925	0.340425
423755.190846	0.649103	328.710937	-189.453125
423755.192845	0.919031	328.710937	-189.453125
423755.194847	0.935128	328.710937	-189.453125
423755.196848	0.932653	10.259181	0.428149
423756.270890	0.415490	163.769531	211.132812
423756.272893	0.774979	163.769531	211.132812
423756.274893	0.937214	163.769531	211.132812
423756.276891	0.934660	10.281257	0.347090
423757.286963	0.463586	313.476562	-187.109375
423757.288964	0.816085	313.476562	-187.109375
423757.290964	0.938230	313.476562	-187.109375
423757.292965	0.935231	10.287540	0.332070
423758.371012	0.897482	155.175781	201.953125
423758.373014	0.935943	155.175781	201.953125
423758.375014	0.933297	10.266262	0.305860
423759.387053	0.913895	261.132812	-189.648437
423759.389054	0.935336	261.132812	-189.648437
423759.391056	0.932838	10.261220	0.284079
423760.467061	0.751954	162.402344	204.003906
423760.469061	0.936287	162.402344	204.003906
423760.471063	0.934410	10.278510	0.277281
423761.449991	0.732167	450.488281	-174.511719
423761.451993	0.934461	450.488281	-174.511719
423761.453992	0.933947	10.273414	0.488657
423762.563987	0.711120	155.957031	204.492187
423762.565989	0.933893	155.957031	204.492187
423762.567990	0.936108	155.957031	204.492187
423762.569989	0.933952	10.273467	0.538581
423763.548033	0.864892	332.031250	-192.480469
423763.550036	0.935699	332.031250	-192.480469
423763.552037	0.932790	10.260688	0.453464
423764.628082	0.660286	167.480469	217.089844
423764.630084	0.922196	167.480469	217.089844
423764.632084	0.934884	167.480469	217.089844
423764.634086	0.932510	10.257612	0.479497
423765.646088	0.929414	312.988281	-199.707031
423765.648091	0.934177	312.988281	-199.707031
423765.650090	0.931845	10.250293	0.633364
423766.724118	0.458562	153.906250	227.832031
423766.726120	0.811914	153.906250	227.832031
423766.728120	0.937427	153.906250	227.832031
423766.730122	0.934389	10.278279	0.335786
423767.740664	0.590265	381.542969	-197.851562
423767.742666	0.896423	381.542969	-197.851562
423767.744666	0.934984	381.542969	-197.851562
423767.746666	0.932238	10.254617	0.464662
423768.823631	0.860438	142.675781	239.648437
423768.825634	0.936588	142.675781	239.648437
423768.827634	0.933671	10.270383	0.231821
423769.840590	0.934698	378.515625	-202.832031
423769.842595	0.934296	10.277260	0.758965
423770.886622	0.634332	141.699219	251.562500
423770.888623	0.914593	141.699219	251.562500
423770.890624	0.935618	141.699219	251.562500
423770.892624	0.933074	10.263816	0.365203
423771.936651	1.457859	322.460937	-210.839844
423771.940651	0.932980	322.460937	-210.839844
423771.942651	0.931426	10.245684	0.474155
423772.982670	0.434996	138.476562	254.101562
423772.984673	0.792202	138.476562	254.101562
423772.986672	0.937057	138.476562	254.101562
423772.988673	0.933993	10.273919	0.289604
423774.031219	0.428907	366.406250	-199.414062
423774.033220	0.786736	366.406250	-199.414062
423774.035219	0.937235	366.406250	-199.414062
423774.037219	0.934400	10.278403	0.483790
423775.081271	0.697364	121.191406	234.277344
423775.083271	0.930519	121.191406	234.277344
423775.085272	0.934707	121.191406	234.277344
423775.087272	0.934590	10.280495	0.452583
423776.161313	0.459946	287.304687	-197.558594
423776.163314	0.813171	287.304687	-197.558594
423776.165313	0.938583	287.304687	-197.558594
423776.167315	0.935646	10.292105	0.265117
423777.145876	0.736188	155.468750	232.617187
423777.147878	0.934333	155.468750	232.617187
423777.151877	0.931483	10.246313	0.423175
423778.226420	0.592528	435.449219	-163.769531
423778.228420	0.897403	435.449219	-163.769531
423778.232420	0.932092	435.449219	-163.769531
423778.234421	0.930673	10.237407	0.396222
423779.242461	0.630914	152.929687	203.613281
423779.244461	0.913119	152.929687	203.613281
423779.246463	0.935130	152.929687	203.613281
423779.250459	0.931232	10.243557	0.385302
423780.322525	0.400625	424.316406	-150.585937
423780.324528	0.761375	424.316406	-150.585937
423780.326528	0.936562	424.316406	-150.585937
423780.328527	0.934249	10.276737	0.326969
423781.341050	0.863806	176.464844	176.269531
423781.343052	0.935426	176.464844	176.269531
423781.345051	0.932502	10.257524	0.433530
423782.419635	0.393150	343.554687	-146.972656
423782.421639	0.754678	343.554687	-146.972656
423782.423637	0.936860	343.554687	-146.972656
423782.425639	0.935060	10.285662	0.215186
423783.436218	0.534285	180.761719	154.296875
423783.438219	0.866207	180.761719	154.296875
423783.440219	0.936079	180.761719	154.296875
423783.442219	0.933102	10.264117	0.449761
423784.486238	0.789615	344.140625	-146.582031
423784.488239	0.936630	344.140625	-146.582031
423784.490239	0.933600	10.269604	0.292833
423785.566283	0.561350	172.656250	147.753906
423785.568285	0.882179	172.656250	147.753906
423785.570286	0.936091	172.656250	147.753906
423785.572286	0.933187	10.265057	0.232639
423786.581246	1.852344	294.042969	-163.281250
423786.583247	0.767271	294.042969	-163.281250
423786.587247	0.934113	294.042969	-163.281250
423786.589247	0.934040	10.274442	0.217576
423787.667801	0.935498	165.722656	160.937500
423787.669802	0.932938	10.262319	0.248033
423788.646364	0.540580	371.777344	-176.464844
423788.648366	0.870073	371.777344	-176.464844
423788.650366	0.936298	371.777344	-176.464844
423788.652367	0.933371	10.267086	0.415632
423789.760374	0.521899	151.953125	180.761719
423789.762375	0.858429	151.953125	180.761719
423789.764377	0.936375	151.953125	180.761719
423789.766376	0.933377	10.267149	0.216340
423790.742393	0.332772	331.347656	-197.753906
423790.744395	0.697372	331.347656	-197.753906
423790.746395	0.930211	331.347656	-197.753906
423790.748395	0.934258	331.347656	-197.753906
423790.750395	0.932019	10.252207	0.432332
423791.828469	0.936432	155.566406	208.398437
423791.830473	0.933244	10.265686	0.330688
423792.844499	0.936377	258.105469	-217.089844
423792.846501	0.933298	258.105469	-217.089844
423792.848501	0.931680	10.248476	0.421130
423793.924558	0.915950	142.382812	221.972656
423793.926560	0.935453	142.382812	221.972656
423793.928559	0.932886	10.261742	0.271468
423794.939126	0.773498	347.656250	-213.671875
423794.941128	0.779508	347.656250	-213.671875
423794.943127	0.933397	10.267369	0.472385
423796.018107	0.344762	126.171875	221.289062
423796.020107	0.708847	126.171875	221.289062
423796.022107	0.932293	126.171875	221.289062
423796.024107	0.934696	126.171875	221.289062
423796.028106	0.931080	10.241881	0.182508
423797.036143	0.749019	275.976562	-224.511719
423797.038144	0.935569	275.976562	-224.511719
423797.040146	0.933832	10.272146	0.436443
423798.088192	0.922522	148.730469	240.917969
423798.090193	0.932489	10.257382	0.408270
423799.131155	0.359955	273.535156	-225.781250
423799.133159	0.723199	273.535156	-225.781250
423799.135161	0.934022	273.535156	-225.781250
423799.139160	0.932145	10.253597	0.404019
423800.181216	0.634386	138.378906	235.839844
423800.183221	0.914637	138.378906	235.839844
423800.185219	0.916408	138.378906	235.839844
423800.187220	0.933152	10.264675	0.277247
423801.233252	0.935444	275.390625	-224.023437
423801.235254	0.932497	275.390625	-224.023437
423801.237254	0.930982	10.240801	0.326496
423802.277763	0.525054	145.605469	232.617187
423802.279766	0.860236	145.605469	232.617187
423802.281766	0.935679	145.605469	232.617187
423802.283766	0.932693	10.259624	0.266107
423803.325778	0.424067	176.464844	-232.031250
423803.327780	0.782645	176.464844	-232.031250
423803.329780	0.938282	176.464844	-232.031250
423803.331778	0.935548	10.291023	0.259742
423804.375784	0.683468	138.085937	217.968750
423804.377786	0.928137	138.085937	217.968750
423804.379786	0.935083	138.085937	217.968750
423804.381785	0.932799	10.260785	0.444156
423805.389818	1.736241	285.351562	-220.507812
423805.391825	0.723558	285.351562	-220.507812
423805.393830	0.934067	285.351562	-220.507812
423805.395831	0.934799	10.282790	0.470937
423806.473864	0.835342	152.539062	207.324219
423806.475866	0.840815	152.539062	207.324219
423806.477868	0.934074	10.274815	0.267771
423807.488438	0.625779	242.480469	-216.015625
423807.490441	0.911194	242.480469	-216.015625
423807.492441	0.935264	242.480469	-216.015625
423807.494441	0.932653	10.259181	0.332647
423808.570498	0.755479	164.257812	185.644531
423808.572500	0.936042	164.257812	185.644531
423808.574500	0.934046	10.274504	0.290521
423809.587037	0.861381	211.230469	-201.171875
423809.589040	0.865854	211.230469	-201.171875
423809.591039	0.932721	10.259934	0.247087
423810.667074	0.651453	167.382812	160.742187
423810.669078	0.919404	167.382812	160.742187
423810.671075	0.934544	167.382812	160.742187
423810.673077	0.932123	10.253358	0.337018
423811.681102	0.325272	165.234375	-182.617187
423811.683104	0.690363	165.234375	-182.617187
423811.685104	0.928963	165.234375	-182.617187
423811.687103	0.930137	165.234375	-182.617187
423811.689103	0.932173	10.253900	0.214399
423812.763150	0.458483	167.968750	141.503906
423812.765152	0.811798	167.968750	141.503906
423812.767151	0.937865	167.968750	141.503906
423812.769152	0.934914	10.284058	0.222179
423813.781705	0.897644	257.421875	-163.476562
423813.783707	0.935492	257.421875	-163.476562
423813.785708	0.932862	10.261477	0.207074
423814.830289	0.898436	171.093750	139.160156
423814.832291	0.935597	171.093750	139.160156
423814.834290	0.932886	10.261742	0.356363
423815.876324	0.497979	302.734375	-155.664062
423815.878327	0.842041	302.734375	-155.664062
423815.880328	0.937081	302.734375	-155.664062
423815.882329	0.934049	10.274540	0.229495
423816.926374	0.759779	151.074219	143.261719
423816.928373	0.935788	151.074219	143.261719
423816.930374	0.933549	10.269036	0.223244
423817.974439	0.671270	358.496094	-154.785156
423817.976438	0.925154	358.496094	-154.785156
423817.978439	0.935070	358.496094	-154.785156
423817.980438	0.932526	10.257790	0.271987
423818.990984	0.798631	171.875000	164.746094
423818.992986	0.936835	171.875000	164.746094
423818.994986	0.933752	10.271270	0.391070
423820.071013	0.564986	368.554687	-163.183594
423820.073017	0.883963	368.554687	-163.183594
423820.075016	0.935689	368.554687	-163.183594
423820.077015	0.932845	10.261291	0.285128
423821.087961	0.768923	154.980469	183.984375
423821.089961	0.936332	154.980469	183.984375
423821.091963	0.933823	10.272058	0.784159
423822.166956	0.344974	268.457031	-186.621094
423822.168957	0.708890	268.457031	-186.621094
423822.170956	0.931950	268.457031	-186.621094
423822.172957	0.934147	268.457031	-186.621094
423822.174957	0.931887	10.250752	0.292409
423823.183016	0.392617	133.886719	193.261719
423823.185019	0.753932	133.886719	193.261719
423823.187019	0.936030	133.886719	193.261719
423823.189018	0.934155	10.275701	0.222025
423824.265042	0.516999	262.890625	-200.976562
423824.269044	0.859108	262.890625	-200.976562
423824.271045	0.933438	262.890625	-200.976562
423824.273046	0.931676	10.248440	0.260746
423825.281087	0.557468	128.027344	202.050781
423825.283088	0.879660	128.027344	202.050781
423825.285095	0.935396	128.027344	202.050781
423825.287101	0.932501	10.257515	0.189167
423826.329095	0.454449	328.320312	-204.296875
423826.331097	0.808432	328.320312	-204.296875
423826.333096	0.937590	328.320312	-204.296875
423826.335098	0.934662	10.281283	0.437815
423827.345097	0.489686	145.996094	222.949219
423827.347097	0.835747	145.996094	222.949219
423827.349098	0.936416	145.996094	222.949219
423827.351097	0.933282	10.266103	0.418851
423828.429142	0.907231	271.679687	-218.652344
423828.431143	0.934871	271.679687	-218.652344
423828.433145	0.932281	10.255087	0.389477
423829.443187	0.658729	143.164062	225.683594
423829.445189	0.921658	143.164062	225.683594
423829.447189	0.934741	143.164062	225.683594
423829.449189	0.932262	10.254883	0.381263
423830.525207	0.779311	282.128906	-221.875000
423830.527209	0.936700	282.128906	-221.875000
423830.529209	0.933808	10.271890	0.341293
423831.539779	0.558193	149.609375	229.785156
423831.541780	0.880074	149.609375	229.785156
423831.543782	0.935496	149.609375	229.785156
423831.545783	0.932685	10.259536	0.352603
423832.620743	0.489107	201.171875	-234.277344
423832.622743	0.835542	201.171875	-234.277344
423832.624744	0.937005	201.171875	-234.277344
423832.626744	0.933881	10.272696	0.276201
423833.636792	0.532661	141.406250	225.878906
423833.638792	0.864774	141.406250	225.878906
423833.640793	0.935236	141.406250	225.878906
423833.644792	0.930751	10.238266	0.302802
423834.718816	0.656741	216.113281	-233.300781
423834.720818	0.921291	216.113281	-233.300781
423834.722818	0.934766	216.113281	-233.300781
423834.724818	0.932318	10.255494	0.233857
423835.733343	0.424089	139.257812	225.292969
423835.735344	0.782562	139.257812	225.292969
423835.737345	0.937607	139.257812	225.292969
423835.739344	0.934911	10.284022	0.273884
423836.785413	0.929230	260.644531	-231.250000
423836.787415	0.934084	260.644531	-231.250000
423836.789415	0.931804	10.249849	0.616385
423837.831484	0.603340	140.332031	224.707031
423837.833485	0.902325	140.332031	224.707031
423837.835488	0.935132	140.332031	224.707031
423837.837486	0.932524	10.257763	0.217512
423838.879505	0.503649	262.695312	-231.152344
423838.881506	0.845610	262.695312	-231.152344
423838.883506	0.935717	262.695312	-231.152344
423838.885507	0.932625	10.258871	0.399181
423839.929537	0.763611	123.535156	212.402344
423839.931541	0.936843	123.535156	212.402344
423839.933541	0.934583	10.280415	0.181562
423840.977614	0.675434	296.777344	-227.148437
423840.979615	0.925814	296.777344	-227.148437
423840.981614	0.934346	296.777344	-227.148437
423840.983614	0.931987	10.251852	0.497158
423841.993639	0.713270	151.367187	226.757812
423841.995639	0.934108	151.367187	226.757812
423841.997640	0.935882	10.294701	0.404046
423843.073679	0.480335	245.117187	-231.347656
423843.075681	0.828806	245.117187	-231.347656
423843.077679	0.936989	245.117187	-231.347656
423843.079681	0.933863	10.272492	0.324599
423844.089711	0.521182	140.429687	220.019531
423844.091712	0.857661	140.429687	220.019531
423844.093714	0.935935	140.429687	220.019531
423844.095712	0.932916	10.262079	0.341672
423845.175729	0.935515	186.230469	-232.812500
423845.177729	0.933119	10.264304	0.317722
423846.187772	0.685545	138.378906	215.625000
423846.191773	0.934513	138.378906	215.625000
423846.193774	0.932191	138.378906	215.625000
423846.195774	0.930926	10.240189	0.475946
423847.267810	0.449666	238.378906	-224.023437
423847.269813	0.804542	238.378906	-224.023437
423847.273810	0.934661	238.378906	-224.023437
423847.275811	0.932777	10.260546	0.260988
423848.284383	0.587940	138.574219	208.398437
423848.286384	0.895747	138.574219	208.398437
423848.288385	0.935605	138.574219	208.398437
423848.290384	0.932936	10.262300	0.217458
423849.366969	0.806490	248.730469	-217.089844
423849.368973	0.936938	248.730469	-217.089844
423849.370970	0.936859	10.305451	0.221077
423850.381935	0.658803	130.859375	194.140625
423850.383939	0.921926	130.859375	194.140625
423850.385939	0.935033	130.859375	194.140625
423850.387940	0.932505	10.257550	0.266282
423851.461963	0.422951	202.539062	-211.718750
423851.463964	0.781558	202.539062	-211.718750
423851.465965	0.938336	202.539062	-211.718750
423851.467964	0.935645	10.292095	0.202708
423852.445972	0.595916	168.945312	193.457031
423852.447972	0.608929	168.945312	193.457031
423852.449972	0.935339	168.945312	193.457031
423852.451973	0.932534	10.257869	0.415656
423853.528012	0.717402	301.855469	-189.648437
423853.530015	0.933641	301.855469	-189.648437
423853.532015	0.934037	301.855469	-189.648437
423853.534015	0.931942	10.251365	0.393101
423854.542037	0.400546	169.238281	176.757812
423854.544039	0.761116	169.238281	176.757812
423854.546039	0.936015	169.238281	176.757812
423854.548039	0.933663	10.270294	0.398345
423855.626616	0.910428	287.597656	-177.929687
423855.628616	0.934664	287.597656	-177.929687
423855.630617	0.932099	10.253093	0.301325
423856.640626	0.657606	164.648437	154.882812
423856.642628	0.921466	164.648437	154.882812
423856.644628	0.934785	164.648437	154.882812
423856.646628	0.932452	10.256974	0.441589
423857.722668	0.782413	240.625000	-171.582031
423857.724669	0.936736	240.625000	-171.582031
423857.726677	0.933914	10.273050	0.216480
423858.736743	0.472864	170.410156	138.671875
423858.738744	0.823145	170.410156	138.671875
423858.740745	0.937393	170.410156	138.671875
423858.742746	0.934315	10.277464	0.360758
423859.820797	0.901305	147.460937	-171.777344
423859.822799	0.935482	147.460937	-171.777344
423859.824799	0.932837	10.261202	0.140967
423860.833349	0.372596	188.085937	129.003906
423860.835349	0.734960	188.085937	129.003906
423860.837348	0.934789	188.085937	129.003906
423860.839350	0.934014	10.274158	0.401453
423861.883397	0.640452	311.523437	-168.261719
423861.887396	0.934433	311.523437	-168.261719
423861.889399	0.931949	311.523437	-168.261719
423861.891398	0.930691	10.237601	0.242133
423862.933414	0.869328	201.757812	127.929687
423862.935416	0.935893	201.757812	127.929687
423862.937417	0.932931	10.262239	0.420620
423863.979440	0.439984	133.496094	-187.402344
423863.983438	0.937506	133.496094	-187.402344
423863.985440	0.934527	133.496094	-187.402344
423863.987439	0.932543	10.257977	0.156106
423865.061480	0.565745	151.269531	132.714844
423865.063480	0.884410	151.269531	132.714844
423865.065479	0.935665	151.269531	132.714844
423865.067481	0.932851	10.261361	0.177232
423866.043499	0.377837	279.980469	-199.316406
423866.045502	0.739911	279.980469	-199.316406
423866.047502	0.935841	279.980469	-199.316406
423866.051500	0.932779	10.260572	0.384229
423867.127560	0.851199	168.457031	155.468750
423867.129561	0.936402	168.457031	155.468750
423867.131562	0.933446	10.267901	0.361530
423868.141631	0.558207	203.320312	-219.921875
423868.143634	0.880032	203.320312	-219.921875
423868.145634	0.935412	203.320312	-219.921875
423868.147633	0.932492	10.257409	0.342133
423869.223727	0.692859	163.476562	171.875000
423869.225730	0.929304	163.476562	171.875000
423869.227731	0.934217	163.476562	171.875000
423869.229729	0.931888	10.250771	0.498725
423870.239753	0.731741	159.667969	-235.644531
423870.241753	0.934753	159.667969	-235.644531
423870.243754	0.934297	10.277269	0.326135
423871.319785	0.497344	156.445312	183.886719
423871.321789	0.841855	156.445312	183.886719
423871.323791	0.938359	156.445312	183.886719
423871.325792	0.938059	10.318647	0.221534
423872.335808	0.536735	189.941406	-243.164062
423872.339809	0.935316	189.941406	-243.164062
423872.341810	0.932396	189.941406	-243.164062
423872.343809	0.930862	10.239480	0.302371
423873.417822	0.658018	144.726562	188.183594
423873.421823	0.934738	144.726562	188.183594
423873.423825	0.932248	144.726562	188.183594
423873.425824	0.930891	10.239799	0.261717
423874.435849	0.929830	195.703125	-247.753906
423874.439849	0.931712	195.703125	-247.753906
423874.441853	0.930595	10.236547	0.506333
423875.516810	0.911853	137.207031	188.085937
423875.518812	0.934901	137.207031	188.085937
423875.520812	0.932323	10.255557	0.128086
423876.529757	0.472818	153.710937	-251.464844
423876.531759	0.823406	153.710937	-251.464844
423876.533759	0.938871	153.710937	-251.464844
423876.535758	0.935909	10.295003	0.235486
423877.581820	0.935481	147.265625	192.773437
423877.585820	0.932254	147.265625	192.773437
423877.587821	0.930981	10.240792	0.305174
423878.593851	0.419936	258.007812	-240.136719
423878.595853	0.778549	258.007812	-240.136719
423878.597852	0.936265	258.007812	-240.136719
423878.599853	0.933392	10.267317	0.481629
423879.675900	0.544152	154.492187	186.914062
423879.677902	0.872160	154.492187	186.914062
423879.679902	0.935896	154.492187	186.914062
423879.681902	0.933003	10.263037	0.272873
423880.693946	0.894766	252.343750	-235.839844
423880.695948	0.935463	252.343750	-235.839844
423880.697947	0.932751	10.260262	0.386799
423881.774496	0.799474	166.210937	175.976562
423881.776498	0.936483	166.210937	175.976562
423881.778498	0.933431	10.267742	0.274992
423882.791430	0.918360	197.167969	-231.347656
423882.793431	0.935259	197.167969	-231.347656
423882.795430	0.932818	10.260998	0.337133
423883.869994	0.506421	158.300781	155.566406
423883.871996	0.519163	158.300781	155.566406
423883.873996	0.936426	158.300781	155.566406
423883.877993	0.931585	10.247430	0.266621
423884.886019	0.547005	120.898437	-220.703125
423884.888021	0.873682	120.898437	-220.703125
423884.890023	0.935705	120.898437	-220.703125
423884.892022	0.932891	10.261805	0.226700
423885.970043	0.924173	167.089844	140.722656
423885.972044	0.934598	167.089844	140.722656
423885.974043	0.932176	10.253935	0.356319
423886.984553	0.792347	121.386719	-202.734375
423886.986555	0.936742	121.386719	-202.734375
423886.988556	0.936675	10.303422	0.185834
423888.066599	0.883518	167.382812	125.488281
423888.068603	0.936486	167.382812	125.488281
423888.070602	0.933699	10.270684	0.166916
423889.081154	0.697768	183.203125	-186.132812
423889.083156	0.930421	183.203125	-186.132812
423889.085155	0.934416	183.203125	-186.132812
423889.087156	0.932054	10.252597	0.428900
423890.130132	0.767842	173.632812	120.800781
423890.132133	0.936921	173.632812	120.800781
423890.134134	0.934539	10.279928	0.324401
423891.178175	0.675283	245.214844	-174.316406
423891.180177	0.925897	245.214844	-174.316406
423891.182177	0.934554	245.214844	-174.316406
423891.184177	0.932146	10.253607	0.190590
423892.225128	0.381631	166.699219	122.460937
423892.227131	0.743576	166.699219	122.460937
423892.229130	0.937866	166.699219	122.460937
423892.231130	0.936677	10.303448	0.204266
423893.275151	0.640203	193.457031	-175.488281
423893.277151	0.916565	193.457031	-175.488281
423893.279152	0.935506	193.457031	-175.488281
423893.281151	0.935394	10.289330	0.230224
423894.289166	2.015212	180.078125	133.691406
423894.291170	0.676778	180.078125	133.691406
423894.293170	0.926155	180.078125	133.691406
423894.295169	0.934548	180.078125	133.691406
423894.297170	0.932141	10.253553	0.406095
423895.371202	0.442802	197.949219	-182.031250
423895.373205	0.798743	197.949219	-182.031250
423895.375203	0.937892	197.949219	-182.031250
423895.377204	0.934974	10.284714	0.212411
423896.387256	0.487540	161.425781	143.164062
423896.389259	0.834228	161.425781	143.164062
423896.391258	0.936420	161.425781	143.164062
423896.393259	0.933303	10.266333	0.274135
423897.469279	0.609700	217.871094	-189.746094
423897.471281	0.906105	217.871094	-189.746094
423897.473281	0.936907	217.871094	-189.746094
423897.475281	0.934569	10.280264	0.212454
423898.485292	0.645355	147.460937	151.269531
423898.487295	0.917511	147.460937	151.269531
423898.489295	0.934456	147.460937	151.269531
423898.491296	0.932004	10.252047	0.252517
423899.565385	0.420978	181.738281	-201.562500
423899.567388	0.779885	181.738281	-201.562500
423899.569388	0.937848	181.738281	-201.562500
423899.571389	0.935199	10.287186	0.203794
423900.583394	0.810796	140.429687	158.398437
423900.585394	0.936721	140.429687	158.398437
423900.587395	0.933625	10.269878	0.154029
423901.665415	0.890933	100.488281	-213.964844
423901.667415	0.935266	100.488281	-213.964844
423901.669415	0.932447	10.256921	0.177319
423902.647440	0.755943	172.753906	176.464844
423902.649440	0.935349	172.753906	176.464844
423902.651441	0.933131	10.264445	0.396725
423903.726398	0.322594	346.777344	-199.414062
423903.728401	0.687737	346.777344	-199.414062
423903.732400	0.934815	346.777344	-199.414062
423903.734400	0.932454	346.777344	-199.414062
423903.736402	0.931147	10.242618	0.381884
423904.742921	0.454822	159.863281	178.808594
423904.744923	0.808810	159.863281	178.808594
423904.746924	0.937826	159.863281	178.808594
423904.748923	0.934766	10.282427	0.347550
423905.827455	0.924223	294.531250	-209.570312
423905.829455	0.934409	294.531250	-209.570312
423905.831456	0.932004	10.252047	0.446705
423906.840006	0.443972	157.519531	180.078125
423906.844008	0.937381	157.519531	180.078125
423906.846010	0.934478	157.519531	180.078125
423906.848011	0.932460	10.257063	0.269213
423907.921993	0.557644	208.691406	-217.968750
423907.925994	0.882288	208.691406	-217.968750
423907.927995	0.932429	208.691406	-217.968750
423907.931992	0.929923	10.229156	0.295182
423908.938020	0.599159	139.746094	171.777344
423908.940025	0.900377	139.746094	171.777344
423908.942022	0.934843	139.746094	171.777344
423908.944022	0.932177	10.253943	0.232895
423910.018054	0.361048	173.925781	-218.847656
423910.020063	0.724101	173.925781	-218.847656
423910.022065	0.934456	173.925781	-218.847656
423910.024065	0.934702	10.281727	0.257996
423911.034105	0.406960	140.429687	168.554687
423911.036106	0.767151	140.429687	168.554687
423911.038105	0.936449	140.429687	168.554687
423911.040106	0.933954	10.273494	0.183346
423912.116131	0.531775	145.019531	-217.187500
423912.118133	0.864581	145.019531	-217.187500
423912.120133	0.936054	145.019531	-217.187500
423912.122134	0.933148	10.264631	0.215116
423913.132180	0.573551	133.984375	157.421875
423913.134184	0.888362	133.984375	157.421875
423913.136183	0.935390	133.984375	157.421875
423913.140181	0.931121	10.242333	0.145958
423914.214270	0.709732	189.746094	-209.472656
423914.216273	0.932256	189.746094	-209.472656
423914.218273	0.934296	189.746094	-209.472656
423914.220273	0.932090	10.252987	0.465101
423915.197201	0.688336	171.582031	161.621094
423915.199204	0.928145	171.582031	161.621094
423915.201203	0.933814	171.582031	161.621094
423915.203204	0.931524	10.246765	0.572928
423916.277730	0.543344	266.308594	-195.312500
423916.279731	0.871397	266.308594	-195.312500
423916.281734	0.935370	266.308594	-195.312500
423916.283738	0.932447	10.256921	0.340323
423917.293752	0.581859	176.074219	149.707031
423917.297752	0.935211	176.074219	149.707031
423917.299754	0.932452	176.074219	149.707031
423917.301755	0.931029	10.241323	0.354370
423918.374329	0.443346	277.148437	-186.035156
423918.376331	0.799215	277.148437	-186.035156
423918.378329	0.937845	277.148437	-186.035156
423918.380331	0.934964	10.284607	0.264873
423919.390915	0.579999	170.507812	135.058594
423919.392916	0.891175	170.507812	135.058594
423919.394919	0.934641	170.507812	135.058594
423919.396919	0.931805	10.249858	0.330956
423920.472939	0.702589	226.757812	-183.300781
423920.474942	0.931045	226.757812	-183.300781
423920.476943	0.934157	226.757812	-183.300781
423920.478941	0.931978	10.251755	0.460426
423921.486914	0.371328	179.785156	124.316406
423921.488914	0.733747	179.785156	124.316406
423921.490914	0.934656	179.785156	124.316406
423921.492914	0.934068	10.274753	0.336100
423922.569036	0.513981	106.835937	-185.839844
423922.571036	0.852948	106.835937	-185.839844
423922.573035	0.936022	106.835937	-185.839844
423922.575035	0.935879	10.294665	0.132193
423923.585083	0.556864	179.687500	116.113281
423923.587085	0.879285	179.687500	116.113281
423923.589084	0.935411	179.687500	116.113281
423923.591084	0.932468	10.257152	0.341521
423924.633077	0.451542	191.406250	-184.960937
423924.635075	0.806045	191.406250	-184.960937
423924.637079	0.937338	191.406250	-184.960937
423924.639077	0.934379	10.278164	0.239401
423925.681140	0.355835	185.449219	115.039062
423925.683150	0.719074	185.449219	115.039062
423925.685154	0.934416	185.449219	115.039062
423925.687153	0.935178	185.449219	115.039062
423925.689153	0.933037	10.263408	0.357980
423926.731174	0.622090	90.332031	-197.753906
423926.733175	0.909546	90.332031	-197.753906
423926.735175	0.934524	90.332031	-197.753906
423926.737175	0.931894	10.250833	0.163488
423927.779209	0.524481	179.589844	120.312500
423927.781211	0.859449	179.589844	120.312500
423927.783210	0.935161	179.589844	120.312500
423927.785210	0.932058	10.252641	0.363658
423928.795256	0.568415	219.238281	-207.128906
423928.797257	0.885433	219.238281	-207.128906
423928.799257	0.934897	219.238281	-207.128906
423928.801257	0.932212	10.254333	0.364125
423929.879320	0.930287	172.363281	128.613281
423929.881322	0.931410	172.363281	128.613281
423929.883323	0.931951	10.251462	0.564215
423930.891374	0.381123	173.046875	-223.730469
423930.893376	0.743026	173.046875	-223.730469
423930.895375	0.935639	173.046875	-223.730469
423930.897376	0.934294	10.277234	0.311315
423931.973413	0.509357	177.246094	142.089844
423931.975417	0.849578	177.246094	142.089844
423931.977415	0.935346	177.246094	142.089844
423931.979415	0.932293	10.255219	0.276017
423932.992323	0.931158	207.714844	-235.546875
423932.994324	0.933417	207.714844	-235.546875
423932.996325	0.931294	10.244230	0.275977
423934.070339	0.468605	156.054687	150.683594
423934.072341	0.819699	156.054687	150.683594
423934.074341	0.937282	156.054687	150.683594
423934.076340	0.934220	10.276419	0.219147
423935.086375	0.509174	154.101562	-248.242187
423935.088376	0.849454	154.101562	-248.242187
423935.090379	0.935766	154.101562	-248.242187
423935.092383	0.932653	10.259181	0.231454
423936.166979	2.197416	154.687500	158.789062
423936.168979	0.735943	154.687500	158.789062
423936.170981	0.934614	154.687500	158.789062
423936.172980	0.933653	10.270179	0.175188
423937.183536	0.511346	143.261719	-256.640625
423937.185538	0.851055	143.261719	-256.640625
423937.187538	0.936111	143.261719	-256.640625
423937.189537	0.933002	10.263027	0.208495
423938.266487	0.796210	136.621094	155.273437
423938.268489	0.936667	136.621094	155.273437
423938.270489	0.933578	10.269355	0.138856
423939.282522	0.829563	78.222656	-261.035156
423939.284525	0.936859	78.222656	-261.035156
423939.286524	0.933674	10.270418	0.172560
423940.328615	0.390705	162.500000	164.843750
423940.330617	0.752019	162.500000	164.843750
423940.332618	0.936156	162.500000	164.843750
423940.334618	0.934294	10.277234	0.332307
423941.346655	0.791619	242.773437	-250.390625
423941.348655	0.935910	242.773437	-250.390625
423941.350655	0.932771	10.260484	0.421495
423942.429256	0.922051	165.625000	160.937500
423942.431258	0.934594	165.625000	160.937500
423942.433258	0.932167	10.253837	0.390350
423943.443827	0.792947	137.890625	-253.320312
423943.445829	0.936675	137.890625	-253.320312
423943.447828	0.933653	10.270188	0.341726
423944.523885	0.566141	165.039062	151.953125
423944.525887	0.884260	165.039062	151.953125
423944.527887	0.935155	165.039062	151.953125
423944.529889	0.932432	10.256753	0.250465
423945.539912	0.603707	145.410156	-243.750000
423945.541913	0.902152	145.410156	-243.750000
423945.543915	0.934536	145.410156	-243.750000
423945.545914	0.931962	10.251586	0.258522
423946.619966	0.371336	170.214844	139.746094
423946.621966	0.733742	170.214844	139.746094
423946.623967	0.935021	170.214844	139.746094
423946.625967	0.934446	10.278909	0.230369
423947.636506	0.505682	97.167969	-233.105469
423947.638506	0.847013	97.167969	-233.105469
423947.640507	0.935780	97.167969	-233.105469
423947.642508	0.932664	10.259305	0.206092
423948.718567	0.634286	160.742187	124.707031
423948.722568	0.934169	160.742187	124.707031
423948.724570	0.931710	160.742187	124.707031
423948.726571	0.930405	10.234455	0.190993
423949.732593	0.308917	83.007812	-218.554687
423949.734596	0.674680	83.007812	-218.554687
423949.736598	0.925255	83.007812	-218.554687
423949.738596	0.934056	83.007812	-218.554687
423949.740597	0.931738	10.249123	0.177164
423950.814618	0.436890	154.589844	112.109375
423950.816618	0.793599	154.589844	112.109375
423950.818618	0.937134	154.589844	112.109375
423950.820621	0.934204	10.276241	0.150608
423951.830636	0.474365	80.859375	-205.566406
423951.832636	0.824313	80.859375	-205.566406
423951.834636	0.936968	80.859375	-205.566406
423951.836638	0.933740	10.271136	0.152047
423952.878664	0.372016	182.714844	111.328125
423952.880668	0.734419	182.714844	111.328125
423952.882667	0.934169	182.714844	111.328125
423952.884667	0.933330	10.266625	0.313454
423953.928748	0.648933	131.542969	-193.652344
423953.932747	0.934417	131.542969	-193.652344
423953.934752	0.932039	131.542969	-193.652344
423953.936749	0.930688	10.237566	0.157356
423954.977287	0.641896	180.078125	109.863281
423954.979290	0.916416	180.078125	109.863281
423954.981289	0.934305	180.078125	109.863281
423954.983291	0.931871	10.250585	0.210028
423956.025840	0.636726	134.765625	-187.695312
423956.027840	0.914736	134.765625	-187.695312
423956.029841	0.916440	134.765625	-187.695312
423956.031840	0.932161	10.253766	0.158040
423957.043855	0.924923	183.984375	115.722656
423957.045853	0.934088	183.984375	115.722656
423957.047853	0.931677	10.248448	0.536904
423958.121841	0.429491	119.042969	-188.378906
423958.123844	0.448036	119.042969	-188.378906
423958.125844	0.936804	119.042969	-188.378906
423958.127844	0.933911	10.273024	0.161180
423959.137876	0.470364	172.460937	121.972656
423959.139879	0.821068	172.460937	121.972656
423959.141878	0.937156	172.460937	121.972656
423959.143880	0.934130	10.275434	0.291222
423960.219929	0.597903	87.597656	-193.847656
423960.221932	0.900164	87.597656	-193.847656
423960.223932	0.935573	87.597656	-193.847656
423960.225934	0.932853	10.261388	0.172167
423961.235975	0.309488	163.769531	127.343750
423961.237975	0.915941	163.769531	127.343750
423961.239975	0.934672	163.769531	127.343750
423961.241976	0.932142	10.253562	0.226199
423962.316004	0.403980	104.101562	-200.195312
423962.318004	0.764367	104.101562	-200.195312
423962.322005	0.934362	104.101562	-200.195312
423962.324005	0.932356	10.255911	0.155327
423963.332049	0.447799	151.074219	129.394531
423963.334052	0.802918	151.074219	129.394531
423963.336051	0.937629	151.074219	129.394531
423963.344049	0.930788	10.238666	0.158875
423964.414070	0.569737	110.937500	-204.882812
423964.416073	0.886210	110.937500	-204.882812
423964.418072	0.935082	110.937500	-204.882812
423964.420073	0.932373	10.256106	0.135696
423965.398095	0.745907	184.765625	141.113281
423965.400096	0.935273	184.765625	141.113281
423965.402098	0.933771	10.271482	0.409113
423966.478657	0.604041	222.460937	-201.074219
423966.480658	0.902298	222.460937	-201.074219
423966.482656	0.934726	222.460937	-201.074219
423966.484662	0.932157	10.253722	0.324478
423967.494659	0.639166	165.429687	139.843750
423967.496660	0.915626	165.429687	139.843750
423967.498660	0.934797	165.429687	139.843750
423967.500660	0.932282	10.255104	0.347122
423968.576683	0.762638	276.562500	-196.679687
423968.578687	0.936603	276.562500	-196.679687
423968.584685	0.931162	10.242786	0.273369
423969.591263	0.541650	169.140625	138.671875
423969.593265	0.870240	169.140625	138.671875
423969.595263	0.935146	169.140625	138.671875
423969.597265	0.932165	10.253819	0.275174
423970.673282	0.664499	220.214844	-200.585937
423970.675284	0.923125	220.214844	-200.585937
423970.677283	0.934539	220.214844	-200.585937
423970.679283	0.932176	10.253935	0.232377
423971.687807	0.432115	166.113281	133.105469
423971.689809	0.789264	166.113281	133.105469
423971.691810	0.936240	166.113281	133.105469
423971.695807	0.931282	10.244106	0.238487
423972.773820	0.935237	153.222656	-201.464844
423972.775822	0.932386	153.222656	-201.464844
423972.777822	0.930946	10.240402	0.175416
423973.787879	0.899302	170.214844	127.539062
423973.789880	0.935264	170.214844	127.539062
423973.791881	0.932564	10.258206	0.195194
423974.866826	0.527926	167.871094	-196.582031
423974.868827	0.862272	167.871094	-196.582031
423974.870830	0.936266	167.871094	-196.582031
423974.872828	0.933351	10.266865	0.146759
423975.882861	0.567634	161.914062	117.382812
423975.884864	0.884898	161.914062	117.382812
423975.886865	0.934679	161.914062	117.382812
423975.888865	0.931901	10.250913	0.183622
423976.930889	0.468602	225.292969	-188.769531
423976.932890	0.820006	225.292969	-188.769531
423976.934889	0.939271	225.292969	-188.769531
423976.936892	0.936221	10.298432	0.277102
423977.978977	0.379280	167.871094	110.839844
423977.980978	0.741263	167.871094	110.839844
423977.982980	0.935991	167.871094	110.839844
423977.984980	0.934935	10.284288	0.177662
423979.031015	0.917557	116.992187	-192.773437
423979.033014	0.934769	116.992187	-192.773437
423979.035016	0.932356	10.255911	0.242231
423980.077127	0.559124	177.343750	106.738281
423980.079128	0.880448	177.343750	106.738281
423980.081129	0.935059	177.343750	106.738281
423980.083129	0.932231	10.254538	0.189831
423981.128114	0.913692	17.871094	-197.363281
423981.130114	0.916366	17.871094	-197.363281
423981.132114	0.932519	10.257710	0.126042
423982.174167	0.541423	163.769531	103.808594
423982.176169	0.870287	163.769531	103.808594
423982.178169	0.935293	163.769531	103.808594
423982.180169	0.932402	10.256425	0.196760
423983.190218	0.583907	164.453125	-202.539062
423983.192219	0.893463	164.453125	-202.539062
423983.194218	0.934929	164.453125	-202.539062
423983.196219	0.932302	10.255318	0.287763
423984.272256	0.708454	174.902344	109.082031
423984.276256	0.933993	174.902344	109.082031
423984.278258	0.931703	174.902344	109.082031
423984.280258	0.930535	10.235882	0.191250
423985.286305	0.389426	132.519531	-216.992187
423985.288307	0.750801	132.519531	-216.992187
423985.290306	0.936489	132.519531	-216.992187
423985.292306	0.934808	10.282887	0.209351
423986.370348	0.853798	174.414062	118.261719
423986.372350	0.935937	174.414062	118.261719
423986.376349	0.931198	10.243176	0.173525
423987.383283	0.354185	70.410156	-232.812500
423987.385311	0.717637	70.410156	-232.812500
423987.387313	0.934283	70.410156	-232.812500
423987.389310	0.934933	70.410156	-232.812500
423987.391312	0.932720	10.259916	0.164324
423988.467382	0.840333	160.351562	126.464844
423988.469384	0.936776	160.351562	126.464844
423988.471384	0.933748	10.271225	0.150058
423989.449895	0.757545	188.769531	-243.359375
423989.451897	0.936123	188.769531	-243.359375
423989.453898	0.933999	10.273991	0.408058
423990.561923	0.383134	148.437500	133.691406
423990.563925	0.744878	148.437500	133.691406
423990.565925	0.935595	148.437500	133.691406
423990.567924	0.934142	10.275567	0.124728
423991.545981	0.567532	174.218750	-253.417969
423991.547982	0.884701	174.218750	-253.417969
423991.549981	0.934433	174.218750	-253.417969
423991.551982	0.931700	10.248697	0.355956
423992.626010	0.326339	171.386719	148.242187
423992.628012	0.691053	171.386719	148.242187
423992.630012	0.929096	171.386719	148.242187
423992.632011	0.934290	171.386719	148.242187
423992.634012	0.932043	10.252473	0.287992
423993.642049	0.369967	177.929687	-259.277344
423993.644050	0.732349	177.929687	-259.277344
423993.646051	0.934029	177.929687	-259.277344
423993.648051	0.933248	10.265731	0.327769
423994.726083	0.841627	165.625000	151.171875
423994.728084	0.935783	165.625000	151.171875
423994.730083	0.932592	10.258516	0.221341
423995.740573	0.619565	132.324219	-264.160156
423995.742573	0.908228	132.324219	-264.160156
423995.744575	0.934061	132.324219	-264.160156
423995.746573	0.931488	10.246367	0.267476
423996.824568	0.934983	148.828125	145.800781
423996.826569	0.934201	10.276215	0.594837
423997.836571	0.412618	158.007812	-262.792969
423997.838574	0.772108	158.007812	-262.792969
423997.840575	0.936546	158.007812	-262.792969
423997.842573	0.933962	10.273582	0.222354
423998.920570	0.864117	148.730469	140.039062
423998.922571	0.935753	148.730469	140.039062
423998.924572	0.932774	10.260519	0.162173
423999.936634	0.889294	39.941406	-261.132812
423999.938635	0.934781	39.941406	-261.132812
423999.940636	0.932116	10.253279	0.167987
424001.014682	0.341137	157.128906	134.472656
424001.016684	0.705143	157.128906	134.472656
424001.018686	0.931202	157.128906	134.472656
424001.020684	0.933906	157.128906	134.472656
424001.022684	0.931722	10.248945	0.144887
424001.999198	0.608309	247.851562	-242.578125
424002.001200	0.903779	247.851562	-242.578125
424002.003200	0.934151	247.851562	-242.578125
424002.007198	0.930118	10.231300	0.414730
424003.113749	0.688553	155.859375	123.437500
424003.115752	0.928542	155.859375	123.437500
424003.117751	0.934296	155.859375	123.437500
424003.119752	0.931971	10.251684	0.351332
424004.096322	0.602148	209.472656	-234.082031
424004.098323	0.901644	209.472656	-234.082031
424004.100323	0.934731	209.472656	-234.082031
424004.102324	0.932128	10.253403	0.331635
424005.176369	0.369233	178.710937	116.992187
424005.178371	0.391023	178.710937	116.992187
424005.180370	0.935653	178.710937	116.992187
424005.184368	0.933354	10.266891	0.295790
424006.196414	0.936137	131.445312	-224.023437
424006.198419	0.933587	131.445312	-224.023437
424006.200422	0.931645	10.248095	0.801906
424007.274471	0.540504	190.332031	108.203125
424007.276473	0.869624	190.332031	108.203125
424007.278474	0.935072	190.332031	108.203125
424007.280473	0.932148	10.253625	0.231396
424008.290495	0.578912	236.230469	-206.835937
424008.292496	0.890650	236.230469	-206.835937
424008.294498	0.934516	236.230469	-206.835937
424008.296497	0.931792	10.249707	0.278156
424009.371426	0.507033	175.683594	101.660156
424009.373428	0.847908	175.683594	101.660156
424009.375427	0.935566	175.683594	101.660156
424009.377428	0.932385	10.256230	0.166748
424010.386377	0.347000	191.699219	-201.464844
424010.388378	0.710523	191.699219	-201.464844
424010.390380	0.932000	191.699219	-201.464844
424010.392379	0.933840	191.699219	-201.464844
424010.394380	0.931642	10.248058	0.261730
424011.438408	0.905686	197.558594	102.148437
424011.440411	0.934184	197.558594	102.148437
424011.442411	0.931666	10.248325	0.311388
424012.484950	0.608752	140.527344	-199.511719
424012.486954	0.904125	140.527344	-199.511719
424012.490950	0.931791	140.527344	-199.511719
424012.492953	0.930377	10.234145	0.261110
424013.532987	0.511846	187.597656	104.003906
424013.534988	0.528641	187.597656	104.003906
424013.536988	0.935507	187.597656	104.003906
424013.538988	0.932430	10.256726	0.243040
424014.581063	0.422371	280.273437	-190.332031
424014.583065	0.780851	280.273437	-190.332031
424014.585062	0.937837	280.273437	-190.332031
424014.587064	0.935165	10.286814	0.249917
424015.629102	0.318734	166.015625	107.128906
424015.631102	0.683846	166.015625	107.128906
424015.633104	0.927053	166.015625	107.128906
424015.635105	0.933503	166.015625	107.128906
424015.637104	0.931302	10.244319	0.155418
424016.677658	0.313249	153.417969	-200.683594
424016.679662	0.678584	153.417969	-200.683594
424016.681661	0.926015	153.417969	-200.683594
424016.683662	0.933780	153.417969	-200.683594
424016.687659	0.930162	10.231779	0.263351
424017.693702	0.358069	188.769531	117.675781
424017.697711	0.933655	188.769531	117.675781
424017.699713	0.934045	188.769531	117.675781
424017.701714	0.931876	10.250638	0.381514
424018.777733	0.833355	216.601562	-200.292969
424018.779742	0.936278	216.601562	-200.292969
424018.781744	0.933144	10.264587	0.222374
424019.792275	0.618042	176.953125	121.484375
424019.794278	0.907864	176.953125	121.484375
424019.796277	0.934633	176.953125	121.484375
424019.798277	0.932105	10.253155	0.279525
424020.874309	0.742799	193.945312	-205.566406
424020.876311	0.935138	193.945312	-205.566406
424020.878311	0.933755	10.271305	0.201266
424021.890878	0.856348	162.597656	121.972656
424021.892879	0.935027	162.597656	121.972656
424021.894878	0.931973	10.251701	0.218315
424022.972907	0.916957	107.910156	-212.695312
424022.974911	0.934913	107.910156	-212.695312
424022.976911	0.932417	10.256585	0.196411
424023.984916	0.313573	157.910156	120.410156
424023.988917	0.926834	157.910156	120.410156
424023.990919	0.934777	157.910156	120.410156
424023.992919	0.932501	10.257515	0.186027
424025.066962	0.447067	110.839844	-212.402344
424025.068966	0.802224	110.839844	-212.402344
424025.070966	0.937784	110.839844	-212.402344
424025.072966	0.934780	10.282578	0.141871
424026.083000	0.488290	152.929687	117.089844
424026.085003	0.834678	152.929687	117.089844
424026.087002	0.936279	152.929687	117.089844
424026.089002	0.933121	10.264330	0.141318
