num crossings	time (s)	maj axis (mm)	min axis (mm)	theta (rad )	slope (V/s)
7767	431243.522532	53.057059	15.547639	-1.554182	4.624634
7769	431245.607163	53.375289	16.054856	-1.548818	4.600262
7771	431247.702622	52.996103	15.570712	-1.555416	5.787063
7773	431249.802031	52.918898	15.577145	-1.553337	5.058639
7775	431251.901987	53.212194	15.364962	-1.556378	5.109783
7777	431254.007593	53.225765	15.285536	-1.560899	4.293776
7779	431256.114907	52.763032	15.321659	-1.559702	5.213134
7781	431258.205357	52.704897	15.530856	-1.557431	4.849650
7783	431260.299441	52.677927	14.787470	-1.561647	5.315498
7785	431262.382868	52.259272	14.692971	-1.561031	5.800693
7787	431264.454000	52.480099	14.243732	-1.555211	5.022870
7789	431266.526418	52.528611	14.681584	-1.542910	4.006899
7791	431268.605412	50.799118	-13.668684	-1.543466	5.237274
7793	431270.701503	48.851742	-12.525397	-1.583820	5.207997
7795	431272.808892	53.128884	14.917352	-1.559377	5.235618
7797	431274.914192	49.506342	-14.545626	-1.527128	5.505216
7799	431277.019233	49.109409	-14.657204	-1.544022	4.768345
7801	431279.116618	50.267582	-9.322737	-1.591439	5.415893
7803	431281.205895	53.175512	14.592100	-1.551182	4.653374
7805	431283.300841	50.490131	-14.370570	-1.544792	5.624965
7807	431285.387551	49.411621	-10.092653	-1.598088	5.419476
7809	431287.476576	50.800667	-14.003331	-1.537734	5.232118
7811	431289.556862	50.408228	-8.083328	-1.590239	4.917129
7813	431291.638746	54.540255	14.740053	-1.558587	4.809908
7815	431293.709804	54.597065	14.540014	-1.564866	4.933472
7817	431295.791691	54.038426	14.470379	-1.565975	5.563818
7819	431297.889313	53.494422	13.823720	-1.566462	5.504492
7821	431299.993347	52.727613	13.545515	-1.558325	4.674979
7823	431302.101672	53.136722	13.485615	-1.553546	5.368710
7825	431304.203676	52.770062	13.581362	-1.550207	5.271337
7827	431306.300816	53.059931	13.649328	-1.550075	4.739711
7829	431308.393113	50.374402	-12.716776	-1.548144	5.214977
7831	431310.487222	50.961735	-13.715622	-1.555251	5.901786
7833	431312.571734	50.358070	-9.642206	-1.605448	5.286231
7835	431314.663239	50.776810	-13.511296	-1.535089	4.981256
7837	431316.750807	50.021006	-13.197858	-1.570142	5.288479
7839	431318.843025	54.040474	13.943404	-1.552395	5.078357
7841	431320.933722	50.103034	-12.444161	-1.556654	5.684691
7843	431323.024972	54.829662	13.652780	-1.555385	5.115432
7845	431325.119018	54.646068	13.679516	-1.554181	5.403474
7847	431327.210949	50.832374	-13.355636	-1.534962	5.150080
7849	431329.305893	49.924637	-10.616321	-1.577894	5.362441
7851	431331.397585	54.614496	13.980259	-1.549795	5.445763
7853	431333.488366	54.247280	13.088973	-1.560298	5.664927
7855	431335.573958	51.156532	-11.441995	-1.554849	6.183419
7857	431337.653089	54.199785	12.751846	-1.559615	5.509463
7859	431339.729824	50.871991	-11.461011	-1.547127	5.353349
7861	431341.805481	54.378009	12.835583	-1.548434	5.157091
7863	431343.889304	55.036037	13.306985	-1.545599	5.610223
7865	431345.982743	54.844276	13.169140	-1.554190	5.518893
7867	431348.086519	51.244369	-12.490932	-1.530376	5.542381
7869	431350.191887	51.366373	-6.076633	-1.603951	5.256584
7871	431352.292729	55.801839	13.144587	-1.559698	5.104292
7873	431354.387999	55.796817	13.062960	-1.559137	5.261695
7875	431356.482225	55.954224	13.020206	-1.554687	5.389718
7877	431358.569721	51.535502	-12.520231	-1.539122	5.591499
7879	431360.656999	51.576183	-6.276679	-1.607496	5.396382
7881	431362.740892	52.114124	-12.532532	-1.537048	5.286643
7883	431364.823279	51.794645	-7.217872	-1.600794	5.042186
7885	431366.900603	56.964906	13.675540	-1.565073	5.284112
7887	431368.984351	56.189582	13.031592	4.707320	5.580531
7889	431371.080644	52.481883	-12.256367	4.742032	6.069050
7891	431373.182867	52.102993	-13.345508	-1.560083	4.662395
7893	431375.287115	55.100870	11.806154	-1.561499	5.980602
7895	431377.388647	54.895910	12.187448	-1.558428	5.975482
7897	431379.486704	55.142382	12.112473	-1.555759	4.934758
7899	431381.582463	55.300221	12.330053	-1.555709	5.488744
7901	431383.676165	55.696066	12.154167	-1.554876	6.138707
7903	431385.768661	56.246597	12.712090	-1.546709	6.207790
7905	431387.858931	55.831863	12.252593	-1.558629	5.558635
7907	431389.949878	56.012214	12.187282	-1.558495	5.456986
7909	431392.040062	55.936233	12.595628	-1.553648	5.614949
7911	431394.129298	56.111392	12.036359	-1.562708	5.774339
7913	431396.216141	55.464056	11.858244	-1.563496	6.248904
7915	431398.298961	55.785767	11.722098	-1.561078	5.932984
7917	431400.377830	55.758267	11.577487	-1.558589	5.758328
7919	431402.455785	56.008437	11.625639	-1.557127	6.140595
7921	431404.537458	56.341860	11.904469	-1.552856	5.922953
7923	431406.625909	57.555487	12.008186	-1.557348	5.841677
7925	431408.723477	57.320449	12.143506	-1.558684	5.838077
7927	431410.825898	50.550328	-11.236369	-1.568385	5.522021
7929	431412.927819	57.904169	12.543969	-1.559725	5.355702
7931	431415.025608	51.831597	-10.894074	-1.568040	5.485900
7933	431417.121798	57.690166	12.477700	-1.560332	5.679907
7935	431419.210808	57.769492	12.330391	-1.560645	5.953020
7937	431421.299112	57.982244	12.428935	-1.561877	5.553019
7939	431423.385021	58.287114	11.970370	-1.563792	5.494572
7941	431425.469048	58.793612	12.094280	-1.570537	5.091552
7943	431427.548047	58.493136	12.015986	4.708633	5.673416
7945	431429.631725	58.390630	11.989915	4.703347	5.713549
7947	431431.724487	57.362694	11.545151	4.706663	6.062222
7949	431433.823531	56.845996	11.446911	-1.570424	5.556733
7951	431435.925704	57.351056	11.239160	-1.565641	6.054067
7953	431438.027336	56.588016	11.084107	-1.566209	6.448198
7955	431440.125747	57.022277	11.359506	-1.561564	5.922168
7957	431442.222093	56.898271	11.238038	-1.562912	5.425498
7959	431444.316587	57.065856	11.324347	-1.563936	5.925854
7961	431446.408975	57.069717	11.190241	-1.564725	6.621937
7963	431448.500264	57.317123	11.384021	-1.560500	6.333524
7965	431450.589156	57.251354	11.180320	-1.566504	6.026529
7967	431452.676718	57.233984	11.096981	-1.569750	5.955442
7969	431454.762231	57.427097	11.063250	-1.568376	6.042878
7971	431456.844672	57.514683	10.963500	-1.566377	5.941724
7973	431458.924172	57.829709	10.920401	-1.562933	6.409244
7975	431461.005411	57.728304	11.091568	-1.562669	6.464894
7977	431463.090604	58.130026	11.291437	-1.560317	6.145199
7979	431465.182026	58.532206	11.562980	-1.564981	5.804658
7981	431467.280651	59.271639	11.550285	4.712369	5.872178
7983	431469.381262	59.078113	11.599203	4.711985	5.963920
7985	431471.480167	59.607836	11.297274	4.709332	5.884286
7987	431473.576589	59.656086	12.190730	-1.563068	5.724901
7989	431475.670040	59.313362	11.440425	-1.568599	5.625299
7991	431477.757229	59.804674	11.195127	4.710520	5.828689
7993	431479.843844	60.175781	11.358010	4.710381	5.741303
7995	431481.928602	60.253710	11.451211	4.704048	5.818627
7997	431484.011966	59.999298	11.552035	4.700719	5.659685
7999	431486.096381	59.701531	11.278588	4.696743	6.093649
8001	431488.187008	58.489348	11.036873	4.702334	6.144075
8003	431490.284962	58.342992	10.852199	4.705341	6.661948
8005	431492.385263	57.760400	10.691326	4.708520	5.819394
8007	431494.486370	58.643876	10.846341	-1.568752	6.352848
8009	431496.584534	57.931510	10.602999	-1.569913	6.592815
8011	431498.680381	58.546038	10.488565	-1.570143	5.938195
8013	431500.774784	58.543586	10.662187	-1.568009	6.106467
8015	431502.866209	58.416906	10.598131	4.711845	6.558146
8017	431504.956592	58.809566	10.491499	4.711444	6.679517
8019	431507.044166	58.770740	10.255083	4.708768	6.360395
8021	431509.130030	54.981977	-9.314438	4.710223	6.302974
8023	431511.213032	59.092952	10.482436	4.711337	6.400724
8025	431513.294341	59.341865	10.272973	-1.568394	6.360178
8027	431515.376856	59.424453	10.620211	-1.567841	5.993749
8029	431517.463248	59.511238	10.881592	-1.570484	6.612335
8031	431519.556402	60.227590	10.936421	-1.570535	6.531864
8033	431521.652282	60.652648	11.066838	4.709164	6.281114
8035	431523.751162	61.081610	10.926777	4.707543	6.020724
8037	431525.849913	60.881129	11.072835	4.704220	5.759677
8039	431527.944321	56.083897	-10.393453	4.728995	6.065957
8041	431530.037360	55.841753	-3.560704	4.658733	5.874451
8043	431532.125571	61.727903	10.827683	4.706511	5.982018
8045	431534.212432	61.681198	10.810895	4.701792	5.930648
8047	431536.297312	61.698511	10.796244	4.698961	6.188171
8049	431538.382673	61.706085	10.855484	4.693081	6.120636
