crossing time (s)	slope (V/s)	crossing number
281474976710655.000000	4.791277	7767	431244738560.000000
281474976710655.000000	4.518936	7768	431245754368.000000
281474976710655.000000	5.216057	7769	431246835712.000000
281474976710655.000000	4.701768	7770	431247818752.000000
281474976710655.000000	5.091104	7771	431248932864.000000
281474976710655.000000	4.756847	7772	431249948672.000000
281474976710655.000000	4.902592	7773	431250997248.000000
281474976710655.000000	4.563925	7774	431252045824.000000
281474976710655.000000	4.728187	7775	431253094400.000000
281474976710655.000000	4.957335	7776	431254142976.000000
281474976710655.000000	5.252757	7777	431255158784.000000
281474976710655.000000	4.443352	7778	431256240128.000000
281474976710655.000000	4.771163	7779	431257255936.000000
281474976710655.000000	4.579033	7780	431258337280.000000
281474976710655.000000	5.057467	7781	431259320320.000000
281474976710655.000000	5.262525	7782	431260434432.000000
281474976710655.000000	4.922775	7783	431261417472.000000
281474976710655.000000	4.906182	7784	431262498816.000000
281474976710655.000000	4.606496	7785	431263514624.000000
281474976710655.000000	4.910546	7786	431264595968.000000
281474976710655.000000	4.281161	7787	431265644544.000000
281474976710655.000000	4.787993	7788	431266660352.000000
281474976710655.000000	4.891870	7789	431267741696.000000
281474976710655.000000	5.022614	7790	431268724736.000000
281474976710655.000000	4.998130	7791	431269838848.000000
281474976710655.000000	4.667850	7792	431270821888.000000
281474976710655.000000	5.303333	7793	431271903232.000000
281474976710655.000000	4.498526	7794	431272951808.000000
281474976710655.000000	5.111748	7795	431274000384.000000
281474976710655.000000	4.624475	7796	431275048960.000000
281474976710655.000000	4.894931	7797	431276064768.000000
281474976710655.000000	5.153069	7798	431277146112.000000
281474976710655.000000	5.302645	7799	431278161920.000000
281474976710655.000000	4.634711	7800	431279243264.000000
281474976710655.000000	4.856206	7801	431280259072.000000
281474976710655.000000	4.994507	7802	431281340416.000000
281474976710655.000000	5.326360	7803	431282323456.000000
281474976710655.000000	4.920217	7804	431283437568.000000
281474976710655.000000	5.109593	7805	431284420608.000000
281474976710655.000000	4.923516	7806	431285534720.000000
281474976710655.000000	5.193969	7807	431286517760.000000
281474976710655.000000	4.899275	7808	431287599104.000000
281474976710655.000000	4.888639	7809	431288614912.000000
281474976710655.000000	5.013617	7810	431289696256.000000
281474976710655.000000	4.925520	7811	431290712064.000000
281474976710655.000000	4.811402	7812	431291760640.000000
281474976710655.000000	5.145831	7813	431292841984.000000
281474976710655.000000	4.781652	7814	431293825024.000000
281474976710655.000000	5.326670	7815	431294939136.000000
281474976710655.000000	5.406448	7816	431295922176.000000
281474976710655.000000	5.144199	7817	431297036288.000000
281474976710655.000000	5.101247	7818	431298019328.000000
281474976710655.000000	4.806711	7819	431299100672.000000
281474976710655.000000	4.855428	7820	431300116480.000000
281474976710655.000000	5.129180	7821	431301165056.000000
281474976710655.000000	4.753147	7822	431302246400.000000
281474976710655.000000	4.883676	7823	431303262208.000000
281474976710655.000000	4.899705	7824	431304343552.000000
281474976710655.000000	4.840294	7825	431305326592.000000
281474976710655.000000	5.047852	7826	431306440704.000000
281474976710655.000000	5.115595	7827	431307423744.000000
281474976710655.000000	5.258942	7828	431308537856.000000
281474976710655.000000	5.651310	7829	431309520896.000000
281474976710655.000000	5.078461	7830	431310602240.000000
281474976710655.000000	5.143798	7831	431311618048.000000
281474976710655.000000	4.950934	7832	431312699392.000000
281474976710655.000000	5.211335	7833	431313715200.000000
281474976710655.000000	5.239934	7834	431314796544.000000
281474976710655.000000	5.291732	7835	431315812352.000000
281474976710655.000000	4.942899	7836	431316893696.000000
281474976710655.000000	5.230202	7837	431317876736.000000
281474976710655.000000	5.277536	7838	431318958080.000000
281474976710655.000000	5.407576	7839	431319973888.000000
281474976710655.000000	4.858016	7840	431321055232.000000
281474976710655.000000	5.213125	7841	431322071040.000000
281474976710655.000000	5.205267	7842	431323152384.000000
281474976710655.000000	5.389985	7843	431324168192.000000
281474976710655.000000	4.929737	7844	431325249536.000000
281474976710655.000000	5.152992	7845	431326265344.000000
281474976710655.000000	5.072024	7846	431327346688.000000
281474976710655.000000	5.406005	7847	431328329728.000000
281474976710655.000000	5.282695	7848	431329443840.000000
281474976710655.000000	5.363142	7849	431330426880.000000
281474976710655.000000	5.197085	7850	431331540992.000000
281474976710655.000000	5.533616	7851	431332524032.000000
281474976710655.000000	5.358824	7852	431333605376.000000
281474976710655.000000	5.658856	7853	431334621184.000000
281474976710655.000000	5.046604	7854	431335702528.000000
281474976710655.000000	5.320401	7855	431336718336.000000
281474976710655.000000	5.196636	7856	431337799680.000000
281474976710655.000000	5.050792	7857	431338815488.000000
281474976710655.000000	5.179002	7858	431339864064.000000
281474976710655.000000	5.101614	7859	431340912640.000000
281474976710655.000000	5.236322	7860	431341928448.000000
281474976710655.000000	5.406237	7861	431343042560.000000
281474976710655.000000	5.429877	7862	431344025600.000000
281474976710655.000000	5.461897	7863	431345106944.000000
281474976710655.000000	5.457267	7864	431346122752.000000
281474976710655.000000	5.516575	7865	431347204096.000000
281474976710655.000000	5.503337	7866	431348219904.000000
281474976710655.000000	5.314150	7867	431349268480.000000
281474976710655.000000	5.470750	7868	431350317056.000000
281474976710655.000000	5.359806	7869	431351365632.000000
281474976710655.000000	5.279514	7870	431352414208.000000
281474976710655.000000	5.465835	7871	431353462784.000000
281474976710655.000000	5.266804	7872	431354511360.000000
281474976710655.000000	5.455575	7873	431355527168.000000
281474976710655.000000	5.210200	7874	431356608512.000000
281474976710655.000000	5.498856	7875	431357624320.000000
281474976710655.000000	5.141960	7876	431358705664.000000
281474976710655.000000	5.332290	7877	431359721472.000000
281474976710655.000000	5.402415	7878	431360802816.000000
281474976710655.000000	5.329127	7879	431361818624.000000
281474976710655.000000	5.483594	7880	431362867200.000000
281474976710655.000000	5.228018	7881	431363915776.000000
281474976710655.000000	5.376680	7882	431364964352.000000
281474976710655.000000	5.380392	7883	431366012928.000000
281474976710655.000000	5.332523	7884	431367028736.000000
281474976710655.000000	5.538189	7885	431368110080.000000
281474976710655.000000	5.529222	7886	431369125888.000000
281474976710655.000000	5.877746	7887	431370207232.000000
281474976710655.000000	5.549297	7888	431371223040.000000
281474976710655.000000	5.134376	7889	431372304384.000000
281474976710655.000000	5.130266	7890	431373320192.000000
281474976710655.000000	5.794331	7891	431374368768.000000
281474976710655.000000	5.066103	7892	431375417344.000000
281474976710655.000000	5.636763	7893	431376465920.000000
281474976710655.000000	5.101002	7894	431377514496.000000
281474976710655.000000	5.162001	7895	431378530304.000000
281474976710655.000000	5.330320	7896	431379611648.000000
281474976710655.000000	5.422947	7897	431380627456.000000
281474976710655.000000	5.520538	7898	431381708800.000000
281474976710655.000000	5.902761	7899	431382724608.000000
281474976710655.000000	5.474905	7900	431383805952.000000
281474976710655.000000	6.036817	7901	431384788992.000000
281474976710655.000000	5.306832	7902	431385903104.000000
281474976710655.000000	5.594905	7903	431386886144.000000
281474976710655.000000	5.378048	7904	431388000256.000000
281474976710655.000000	5.573236	7905	431388983296.000000
281474976710655.000000	5.426023	7906	431390064640.000000
281474976710655.000000	5.560947	7907	431391080448.000000
281474976710655.000000	5.464667	7908	431392161792.000000
281474976710655.000000	5.763162	7909	431393177600.000000
281474976710655.000000	5.508861	7910	431394258944.000000
281474976710655.000000	5.931066	7911	431395274752.000000
281474976710655.000000	5.375827	7912	431396356096.000000
281474976710655.000000	5.827341	7913	431397371904.000000
281474976710655.000000	5.313069	7914	431398420480.000000
281474976710655.000000	5.622309	7915	431399469056.000000
281474976710655.000000	5.340356	7916	431400517632.000000
281474976710655.000000	5.769066	7917	431401566208.000000
281474976710655.000000	5.477338	7918	431402582016.000000
281474976710655.000000	5.672359	7919	431403663360.000000
281474976710655.000000	5.624669	7920	431404679168.000000
281474976710655.000000	5.729600	7921	431405760512.000000
281474976710655.000000	5.738222	7922	431406743552.000000
281474976710655.000000	5.938715	7923	431407857664.000000
281474976710655.000000	5.990644	7924	431408840704.000000
281474976710655.000000	5.646874	7925	431409922048.000000
281474976710655.000000	5.891538	7926	431410970624.000000
281474976710655.000000	5.563457	7927	431412019200.000000
281474976710655.000000	5.666665	7928	431413067776.000000
281474976710655.000000	5.632071	7929	431414116352.000000
281474976710655.000000	5.648497	7930	431415164928.000000
281474976710655.000000	5.653722	7931	431416180736.000000
281474976710655.000000	5.528471	7932	431417262080.000000
281474976710655.000000	5.836217	7933	431418277888.000000
281474976710655.000000	5.329421	7934	431419326464.000000
281474976710655.000000	5.487202	7935	431420375040.000000
281474976710655.000000	5.887311	7936	431421423616.000000
281474976710655.000000	5.552075	7937	431422472192.000000
281474976710655.000000	5.884654	7938	431423520768.000000
281474976710655.000000	5.472581	7939	431424569344.000000
281474976710655.000000	5.852031	7940	431425585152.000000
281474976710655.000000	5.729101	7941	431426666496.000000
281474976710655.000000	5.601665	7942	431427682304.000000
281474976710655.000000	5.835969	7943	431428763648.000000
281474976710655.000000	5.854009	7944	431429746688.000000
281474976710655.000000	6.054763	7945	431430860800.000000
281474976710655.000000	5.868449	7946	431431843840.000000
281474976710655.000000	5.710908	7947	431432957952.000000
281474976710655.000000	5.514593	7948	431433940992.000000
281474976710655.000000	6.014502	7949	431435022336.000000
281474976710655.000000	5.411899	7950	431436070912.000000
281474976710655.000000	6.165499	7951	431437119488.000000
281474976710655.000000	5.362552	7952	431438168064.000000
281474976710655.000000	5.848176	7953	431439183872.000000
281474976710655.000000	5.483027	7954	431440265216.000000
281474976710655.000000	5.658743	7955	431441281024.000000
281474976710655.000000	5.630102	7956	431442362368.000000
281474976710655.000000	6.017877	7957	431443345408.000000
281474976710655.000000	5.645501	7958	431444459520.000000
281474976710655.000000	6.334753	7959	431445442560.000000
281474976710655.000000	5.646836	7960	431446523904.000000
281474976710655.000000	6.169095	7961	431447539712.000000
281474976710655.000000	5.540456	7962	431448621056.000000
281474976710655.000000	5.948574	7963	431449636864.000000
281474976710655.000000	5.594890	7964	431450718208.000000
281474976710655.000000	5.765479	7965	431451734016.000000
281474976710655.000000	5.596786	7966	431452815360.000000
281474976710655.000000	5.832986	7967	431453831168.000000
281474976710655.000000	5.642266	7968	431454879744.000000
281474976710655.000000	5.962768	7969	431455928320.000000
281474976710655.000000	5.673788	7970	431456976896.000000
281474976710655.000000	6.138763	7971	431458025472.000000
281474976710655.000000	5.687054	7972	431459041280.000000
281474976710655.000000	6.251936	7973	431460122624.000000
281474976710655.000000	5.828246	7974	431461138432.000000
281474976710655.000000	6.012723	7975	431462219776.000000
281474976710655.000000	5.835588	7976	431463235584.000000
281474976710655.000000	6.083506	7977	431464316928.000000
281474976710655.000000	6.006842	7978	431465299968.000000
281474976710655.000000	5.968291	7979	431466414080.000000
281474976710655.000000	6.075482	7980	431467397120.000000
281474976710655.000000	5.977816	7981	431468478464.000000
281474976710655.000000	6.041792	7982	431469527040.000000
281474976710655.000000	5.921759	7983	431470575616.000000
281474976710655.000000	6.058188	7984	431471624192.000000
281474976710655.000000	5.866865	7985	431472672768.000000
281474976710655.000000	6.093260	7986	431473721344.000000
281474976710655.000000	5.888157	7987	431474737152.000000
281474976710655.000000	5.722386	7988	431475785728.000000
281474976710655.000000	5.927671	7989	431476834304.000000
281474976710655.000000	5.967953	7990	431477882880.000000
281474976710655.000000	5.868379	7991	431478931456.000000
281474976710655.000000	5.993518	7992	431479980032.000000
281474976710655.000000	5.818094	7993	431481028608.000000
281474976710655.000000	6.411619	7994	431482044416.000000
281474976710655.000000	5.807466	7995	431483125760.000000
281474976710655.000000	6.026904	7996	431484141568.000000
281474976710655.000000	6.010821	7997	431485222912.000000
281474976710655.000000	5.971374	7998	431486238720.000000
281474976710655.000000	6.211151	7999	431487320064.000000
281474976710655.000000	6.005288	8000	431488303104.000000
281474976710655.000000	6.321209	8001	431489417216.000000
281474976710655.000000	5.966950	8002	431490400256.000000
281474976710655.000000	6.019700	8003	431491481600.000000
281474976710655.000000	5.755232	8004	431492530176.000000
281474976710655.000000	6.395682	8005	431493578752.000000
281474976710655.000000	5.667249	8006	431494627328.000000
281474976710655.000000	6.391809	8007	431495643136.000000
281474976710655.000000	5.638910	8008	431496724480.000000
281474976710655.000000	5.979215	8009	431497740288.000000
281474976710655.000000	5.790805	8010	431498821632.000000
281474976710655.000000	6.095541	8011	431499837440.000000
281474976710655.000000	5.825323	8012	431500918784.000000
281474976710655.000000	6.309434	8013	431501934592.000000
281474976710655.000000	5.826938	8014	431502983168.000000
281474976710655.000000	6.512622	8015	431503998976.000000
281474976710655.000000	5.788613	8016	431505080320.000000
281474976710655.000000	6.410280	8017	431506096128.000000
281474976710655.000000	5.689514	8018	431507177472.000000
281474976710655.000000	6.067674	8019	431508193280.000000
281474976710655.000000	5.900383	8020	431509274624.000000
281474976710655.000000	6.294687	8021	431510290432.000000
281474976710655.000000	5.795695	8022	431511339008.000000
281474976710655.000000	6.263354	8023	431512387584.000000
281474976710655.000000	5.980189	8024	431513436160.000000
281474976710655.000000	6.056576	8025	431514484736.000000
281474976710655.000000	5.929192	8026	431515500544.000000
281474976710655.000000	6.585568	8027	431516581888.000000
281474976710655.000000	6.240179	8028	431517597696.000000
281474976710655.000000	6.292173	8029	431518679040.000000
281474976710655.000000	6.195353	8030	431519694848.000000
281474976710655.000000	6.300612	8031	431520776192.000000
281474976710655.000000	6.234800	8032	431521792000.000000
281474976710655.000000	6.159929	8033	431522873344.000000
281474976710655.000000	6.511065	8034	431523889152.000000
281474976710655.000000	6.075492	8035	431524937728.000000
281474976710655.000000	6.355842	8036	431525986304.000000
281474976710655.000000	6.127862	8037	431527034880.000000
281474976710655.000000	6.204704	8038	431528083456.000000
281474976710655.000000	6.086596	8039	431529132032.000000
281474976710655.000000	6.375401	8040	431530180608.000000
281474976710655.000000	6.196522	8041	431531229184.000000
281474976710655.000000	6.118795	8042	431532244992.000000
281474976710655.000000	6.001563	8043	431533293568.000000
281474976710655.000000	6.421684	8044	431534342144.000000
281474976710655.000000	6.223246	8045	431535390720.000000
281474976710655.000000	6.372695	8046	431536439296.000000
281474976710655.000000	6.095900	8047	431537520640.000000
281474976710655.000000	6.315403	8048	431538503680.000000
281474976710655.000000	6.302460	8049	431539585024.000000
281474976710655.000000	6.323173	8050	431540600832.000000
