num crossings	time (s)	maj axis (mm)	min axis (mm)	theta (rad )	slope (V/s)
3809	426575.526754	46.064162	13.677090	1.624832	4.083323
3811	426577.614576	47.684297	14.094640	1.629280	4.003629
3813	426579.698861	47.297999	13.844910	1.625537	4.038829
3815	426581.783075	47.568676	13.552399	1.620636	3.988931
3817	426583.867266	46.943784	13.583663	1.621827	3.810632
3819	426585.959531	44.856103	-14.765855	1.615960	3.882195
3821	426588.047270	46.862373	13.537241	1.616525	3.728288
3823	426590.138811	46.840506	13.472309	1.615296	4.092549
3825	426592.230029	46.829840	13.505665	1.613454	3.918955
3827	426594.325415	46.650403	13.425607	1.612265	3.648865
3829	426596.422179	46.834883	13.456145	1.612319	4.117908
3831	426598.519351	46.749900	13.457937	1.605882	3.731291
3833	426600.615206	46.519107	13.546324	1.604280	4.170553
3835	426602.711750	47.047828	13.648134	1.602604	3.888498
3837	426604.807266	47.016192	13.623172	1.606475	4.164365
3839	426606.897854	46.924460	13.647442	1.601489	3.927310
3841	426608.988692	46.875603	13.901882	1.603391	4.209390
3843	426611.077363	47.151088	13.863672	1.602851	3.803978
3845	426613.167767	44.311888	-13.867133	1.599487	3.733117
3847	426615.258912	46.820197	13.739332	1.599095	3.982563
3849	426617.351435	46.591492	13.670878	1.595222	3.943804
3851	426619.444456	46.830418	13.543213	1.599056	3.866674
3853	426621.535569	46.325158	13.483124	1.596633	3.709921
3855	426623.627122	46.363980	13.370480	1.597551	3.834370
3857	426625.716692	46.356218	13.319925	1.593852	3.923830
3859	426627.804829	45.754822	13.314384	1.591453	3.844820
3861	426629.889796	45.811633	13.172174	1.587824	3.849824
3863	426631.976465	45.706589	12.981447	1.583427	3.615975
3865	426634.062298	46.103368	12.877170	1.582305	3.632289
3867	426636.150581	45.908069	13.015175	1.586208	3.732033
3869	426638.239410	45.822986	12.831394	1.578107	3.847747
3871	426640.330690	45.561528	12.732631	1.576173	3.676488
3873	426642.424176	45.740335	12.657701	1.572069	3.625139
3875	426644.520039	45.271913	12.757236	1.575143	3.589787
3877	426646.615758	45.274908	12.753069	1.568243	3.736589
3879	426648.712581	42.623242	-12.303208	1.554005	3.611244
3881	426650.808559	45.017428	-7.478804	1.527391	3.762635
3883	426652.902281	45.556821	12.841687	1.573693	3.579440
3885	426654.994456	45.818764	12.850919	1.564107	3.536056
3887	426657.084902	45.741684	13.121760	1.573583	3.598581
3889	426659.174871	41.947932	-15.342528	1.452671	3.719880
3891	426661.264509	45.383914	-9.759826	1.541038	3.681325
3893	426663.356105	45.642552	12.981837	1.570520	3.790797
3895	426665.447412	46.037182	12.985220	1.569809	3.500422
3897	426667.538867	45.587175	12.944819	1.560767	3.397876
3899	426669.631180	45.656059	12.719721	1.570079	3.753859
3901	426671.723747	45.407571	12.767105	1.568582	3.588712
3903	426673.814805	45.012696	12.634689	1.564001	3.747074
3905	426675.902944	43.440756	-11.934188	1.518292	3.478292
3907	426677.990377	43.344759	-7.850102	1.522228	3.522704
3909	426680.077223	44.763566	12.375573	1.559523	3.553670
3911	426682.163508	44.783376	12.219453	1.552678	3.362356
3913	426684.249595	44.773819	12.148766	1.548765	3.495772
3915	426686.337600	44.611185	12.061979	1.549313	3.303973
3917	426688.429114	44.408400	12.039276	1.546010	3.285962
3919	426690.520904	41.962652	-12.765249	1.540944	3.284165
3921	426692.614814	41.879546	-12.568390	1.541594	3.504594
3923	426694.709484	44.223985	12.017624	1.545825	3.221309
3925	426696.804952	41.838979	-12.398305	1.537906	3.454836
3927	426698.901099	44.106493	12.069326	1.540503	3.229972
3929	426700.996307	41.191345	-12.267697	1.492509	3.421385
3931	426703.089563	41.544388	-9.997017	1.543268	3.435055
3933	426705.181693	44.213368	12.240921	1.543634	3.543230
3935	426707.272480	44.176237	12.241320	1.537880	3.688186
3937	426709.362625	44.489620	12.354993	1.542788	3.492691
3939	426711.452398	44.443003	12.312223	1.541869	3.451951
3941	426713.542037	44.345583	12.224323	1.532499	3.395556
3943	426715.633757	43.981317	12.246800	1.536048	3.383285
3945	426717.727312	44.043155	12.172204	1.532616	3.525539
3947	426719.819652	44.086457	12.399136	1.548342	3.564681
3949	426721.911374	43.731843	12.126308	1.541350	3.231315
3951	426724.000831	43.877841	11.968798	1.534255	3.302278
3953	426726.090576	40.118290	-11.262339	1.475219	3.374798
3955	426728.177501	42.487627	-9.003769	1.500816	3.323190
3957	426730.265248	43.648634	11.584800	1.523129	3.261046
3959	426732.350718	43.571257	11.559025	1.517752	3.229285
3961	426734.438565	43.245125	11.437148	1.520328	3.177014
3963	426736.529770	43.453955	11.370851	1.517836	3.128415
3965	426738.620291	43.448960	11.337534	1.513337	3.173401
3967	426740.713092	43.510228	11.379155	1.511329	3.126125
3969	426742.806264	43.020030	11.394737	1.513864	3.199643
3971	426744.902030	43.189087	11.362928	1.510810	3.184219
3973	426746.997271	42.544729	11.414733	1.510121	3.156378
3975	426749.092659	43.159514	11.508833	1.507738	3.215721
3977	426751.186036	42.791813	11.505936	1.512385	3.365283
3979	426753.278362	43.037223	11.604491	1.507859	3.262614
3981	426755.369585	43.127414	11.619469	1.509859	3.341794
3983	426757.459734	42.986355	11.629048	1.503974	3.119438
3985	426759.549241	43.078880	11.719803	1.510046	3.216771
3987	426761.639393	42.841358	11.785037	1.513959	3.275085
3989	426763.731153	42.767835	11.736009	1.512657	3.397342
3991	426765.823659	42.786934	11.551497	1.512325	3.459436
3993	426767.915853	42.639142	11.521914	1.507369	3.124417
3995	426770.006959	42.912589	11.412061	1.504840	3.027122
3997	426772.097993	42.642599	11.467113	1.508582	3.203881
3999	426774.188557	40.695919	-11.393509	1.482257	3.258971
4001	426776.276961	42.636342	11.218238	1.495860	3.173996
4003	426778.364038	42.682895	11.088036	1.492097	2.846651
4005	426780.451659	40.348913	-11.170929	1.484967	2.922435
4007	426782.541316	42.057165	11.033954	1.488974	2.958611
4009	426784.628883	42.673299	10.886088	1.487571	2.842899
4011	426786.717471	42.257565	11.051482	1.487404	3.244257
4013	426788.809732	42.638955	10.995006	1.489989	2.894046
4015	426790.902859	42.343133	10.845313	1.487383	2.988448
4017	426792.997894	39.832322	-11.073401	1.473348	3.035112
4019	426795.093065	39.901245	-11.022892	1.468643	2.993386
4021	426797.187846	42.191820	11.027849	1.479719	3.146250
4023	426799.282601	41.991996	11.050296	1.476172	3.314572
4025	426801.375389	42.137282	11.035032	1.476695	3.383396
4027	426803.465763	40.158641	-10.977802	1.456900	2.904875
4029	426805.557853	42.064517	11.121078	1.483391	2.984222
4031	426807.647405	41.803769	11.273114	1.489362	3.250146
4033	426809.737622	41.967014	11.167247	1.484353	3.254411
4035	426811.828352	41.807292	11.394238	1.493259	3.102028
4037	426813.919459	41.668167	11.235838	1.483822	2.786185
4039	426816.009817	41.727715	11.047403	1.481233	2.890372
4041	426818.101514	41.409504	11.032768	1.484493	3.135455
4043	426820.195204	41.412127	11.145894	1.477240	3.306614
4045	426822.286263	41.606923	11.023074	1.476823	2.969934
4047	426824.376554	41.561558	10.866362	1.470680	2.814478
4049	426826.465114	41.599028	10.896587	1.475421	2.860531
4051	426828.554420	41.375515	10.794510	1.465281	2.989257
4053	426830.642894	41.308776	10.759275	1.463932	3.110478
4055	426832.730582	41.555183	10.703998	1.458800	2.916808
4057	426834.819599	41.189256	10.597414	1.457928	2.773832
4059	426836.910893	41.428218	10.562448	1.460519	2.718650
4061	426839.003574	41.166711	10.633582	1.450832	2.842287
4063	426841.096973	41.253265	10.592920	1.451251	2.974259
4065	426843.190667	41.031897	10.630192	1.449143	2.995863
4067	426845.279447	41.213539	10.711375	1.450948	2.910086
4069	426847.378720	41.004410	10.719459	1.450758	2.847172
