num crossings	time (s)	maj axis (mm)	min axis (mm)	theta (rad )	slope (V/s)
8457	431971.231482	59.228927	10.235062	-1.340780	6.806386
8459	431973.325361	59.959833	9.982348	-1.336133	6.379000
8461	431975.424702	60.869041	10.148359	-1.334450	6.413715
8463	431977.524543	55.990776	-8.788996	-1.329393	5.908173
8465	431979.622776	61.734381	9.842820	-1.329344	5.939615
8467	431981.714233	59.486396	-9.294067	-1.284054	6.346075
8469	431983.804304	59.020282	-9.262540	-1.282908	6.428223
8471	431985.894212	58.637340	-9.104529	-1.342243	6.784175
8473	431987.985325	59.750724	-8.701353	-1.323706	6.669610
8475	431990.073616	59.692116	-8.782839	-1.339011	6.672589
8477	431992.159477	63.076767	-9.180884	-1.293433	6.865687
8479	431994.250027	59.586652	-8.183175	-1.335255	7.935775
8481	431996.347040	60.480495	-7.378370	-1.321696	7.547470
8483	431998.447274	61.120192	-7.274473	-1.319294	7.304439
8485	432000.547398	62.026143	-7.918882	-1.318656	8.440134
8487	432002.646398	61.896590	-11.987894	-1.326664	8.622003
8489	432004.742589	65.653904	-8.361882	-1.284210	9.219592
8491	432006.839001	63.197801	-10.684373	-1.331850	7.404556
8493	432008.930755	67.230029	-8.385904	-1.286403	8.539414
8495	432011.022361	64.643049	-18.166941	-1.311907	8.594265
8497	432013.111052	70.856097	8.529078	-1.308085	9.745652
8499	432015.197769	70.846934	8.590165	-1.309492	9.262629
8501	432017.283554	66.424366	-6.914245	-1.306430	9.089654
8503	432019.368033	66.847633	-6.951137	-1.304507	10.025896
8505	432021.455601	72.071584	8.239883	-1.313113	8.336314
8507	432023.543889	70.201836	-7.263013	-1.281335	9.005933
8509	432025.637091	67.719227	-5.752890	-1.315613	9.493093
8511	432027.730663	70.578240	-7.286520	-1.266670	8.604413
8513	432029.826695	68.326437	-7.710599	-1.317285	8.926777
8515	432031.922558	75.222950	7.966405	-1.310138	8.819789
8517	432034.014817	69.392176	-6.829787	-1.304463	8.721566
8519	432036.106981	70.187829	-7.119578	-1.303777	9.019454
8521	432038.194890	70.035329	-3.336368	-1.325173	9.458186
8523	432040.284162	73.463897	-7.518634	-1.269160	9.522975
8525	432042.374631	71.708521	-4.878621	-1.308186	9.349836
8527	432044.466929	70.568515	-5.946690	-1.298910	9.823850
8529	432046.560425	74.224724	-7.274612	-1.285468	9.695106
8531	432048.657494	73.460359	-6.774564	-1.278365	10.827433
8533	432050.754996	72.222974	-6.897084	-1.315601	11.309845
8535	432052.853034	78.693161	7.524407	-1.307783	10.329703
8537	432054.949039	75.245120	-7.153305	-1.285247	10.452126
8539	432057.043865	73.129841	-6.718063	-1.295115	11.079292
8541	432059.137116	73.568235	-6.165769	-1.299014	11.084438
8543	432061.227938	73.817269	-6.100307	-1.299222	11.117374
8545	432063.317721	76.294369	-7.110672	-1.287437	10.659599
8547	432065.404907	72.742470	-17.542681	-1.337766	11.338708
8549	432067.491125	74.473993	-5.965511	-1.301173	10.899241
8551	432069.576835	77.458553	-6.175889	-1.277241	10.853716
8553	432071.664522	76.597883	-6.307808	-1.267178	10.946198
8555	432073.755055	72.954142	-7.216288	-1.366242	10.848408
8557	432075.847660	75.093237	-6.005471	-1.301778	10.939775
8559	432077.941811	75.431518	-6.103353	-1.304854	11.108651
8561	432080.036414	75.837635	-6.014655	-1.305488	10.718920
8563	432082.129656	83.247302	6.919351	-1.317261	11.001596
8565	432084.222702	78.858289	-6.564335	-1.267597	10.929193
8567	432086.313811	76.811922	-6.570249	-1.312203	11.289947
8569	432088.403610	77.564485	-2.771511	-1.328684	11.062716
8571	432090.488822	85.232274	6.870306	-1.325800	11.357140
8573	432092.581997	76.958757	-5.355638	-1.306501	12.971134
8575	432094.675422	84.905810	6.939109	-1.331682	12.072543
8577	432096.771251	77.460721	-5.229275	-1.306375	11.177928
8579	432098.868064	77.801191	-5.369012	-1.306935	12.180662
8581	432100.965325	81.111212	-6.416213	-1.299327	13.161891
8583	432103.061377	78.718538	-7.321635	-1.304238	12.962784
8585	432105.156468	77.205511	-16.890904	-1.349836	12.049688
8587	432107.249518	86.036394	7.100019	-1.317440	12.293441
8589	432109.341663	79.194932	-5.476769	-1.306824	13.304415
8591	432111.432118	87.119326	6.911425	-1.321562	13.160174
8593	432113.520900	86.926866	7.060559	-1.322660	13.202714
8595	432115.608342	87.017016	6.900283	-1.323453	13.306550
8597	432117.694850	87.018250	6.729796	-1.323419	13.193901
8599	432119.782188	83.447355	-5.692960	-1.294915	12.445217
8601	432121.871214	78.814330	-6.426088	-1.319794	12.450930
8603	432123.962167	88.344391	6.797144	-1.333461	12.517173
8605	432126.055699	88.868642	6.678541	-1.334958	11.955741
8607	432128.149507	89.273861	6.616756	-1.334069	12.360993
8609	432130.243252	84.356126	-6.198506	-1.292492	12.171302
8611	432132.335691	80.601560	-3.362740	-1.380209	12.430627
8613	432134.426654	90.552083	6.572344	-1.334834	12.434159
8615	432136.517646	81.442907	-5.212273	-1.315718	12.543806
8617	432138.607793	83.937634	-6.019522	-1.284698	12.310210
8619	432140.697876	83.248043	-6.891923	-1.324192	12.788291
8621	432142.788609	81.026432	-5.285696	-1.369776	13.106471
8623	432144.882178	85.487803	-6.322409	-1.305993	13.790507
8625	432146.978350	83.599629	-6.149661	-1.313450	12.887651
8627	432149.075216	82.126304	-9.080405	-1.402086	13.029094
8629	432151.171763	84.879636	-6.124496	-1.312484	14.140114
8631	432153.267270	81.683822	-17.120685	-1.353534	14.713191
8633	432155.360417	82.859451	-5.879977	-1.326161	14.320574
8635	432157.452770	81.101250	-17.398714	-1.381244	13.270064
8637	432159.543333	90.987335	6.922152	-1.339975	13.448278
8639	432161.632876	83.274894	-5.224237	-1.322803	14.051749
8641	432163.721960	86.024829	-5.842304	-1.321741	14.463062
8643	432165.809127	83.995503	-6.165826	-1.337464	14.330809
8645	432167.896568	83.084932	-5.102793	-1.319796	14.697638
8647	432169.985731	91.983968	6.818576	-1.346939	14.297989
8649	432172.076548	93.044981	6.490918	-1.349241	13.527175
8651	432174.169309	87.129623	-5.617917	-1.306073	13.592063
8653	432176.263129	83.884125	-3.789742	-1.376869	13.323488
8655	432178.356281	94.137548	6.457435	-1.351609	13.082679
8657	432180.449025	84.388833	-5.183335	-1.328229	13.455068
8659	432182.540033	86.929583	-5.922954	-1.306391	13.160537
8661	432184.631316	85.906326	-2.169181	-1.387186	13.610284
8663	432186.721836	84.971314	-4.952151	-1.331525	13.509582
8665	432188.813198	84.390716	-4.795544	-1.330019	13.483902
8667	432190.904460	83.901484	-5.839349	-1.343074	13.732759
8669	432192.996955	83.959706	-6.293439	-1.411717	14.579476
8671	432195.091476	84.155837	-4.765442	-1.333810	15.012257
8673	432197.186947	84.932192	-4.941036	-1.335729	14.699791
8675	432199.283076	94.443010	6.720748	-1.356647	13.910206
8677	432201.378919	88.104040	-6.064218	-1.332358	14.458535
8679	432203.471838	85.511892	-6.903554	-1.337599	15.389728
8681	432205.564042	86.177647	-5.732598	-1.332281	15.776669
8683	432207.654644	94.699678	6.931839	-1.355540	14.997167
8685	432209.743994	94.945803	6.738331	-1.357685	14.622246
8687	432211.833162	86.283368	-5.642372	-1.348678	13.965637
8689	432213.921749	86.007246	-6.140977	-1.353477	14.487135
8691	432216.010510	94.117445	6.584863	-1.360278	14.822184
