time (s)	coil I (A)	last det (V)	int current (uC)
427722.411664	0.481808	-57.128906	-202.539062
427722.413667	0.830392	-57.128906	-202.539062
427722.415666	0.937825	-57.128906	-202.539062
427722.417666	0.934950	10.284448	0.026514
427723.397725	0.923355	96.777344	144.433594
427723.399728	0.934971	96.777344	144.433594
427723.401727	0.932463	10.257098	0.147175
427724.478251	0.856558	17.578125	-221.093750
427724.480252	0.936161	17.578125	-221.093750
427724.482253	0.933214	10.265358	0.037378
427725.491176	0.356997	94.042969	154.980469
427725.495193	0.933968	94.042969	154.980469
427725.497194	0.934387	94.042969	154.980469
427725.501192	0.930923	10.240153	0.007519
427726.573769	0.584384	-10.156250	-231.347656
427726.575772	0.893961	-10.156250	-231.347656
427726.577771	0.935473	-10.156250	-231.347656
427726.579771	0.932687	10.259554	0.035259
427727.590350	0.722287	93.164062	162.304687
427727.592350	0.934280	93.164062	162.304687
427727.594350	0.934621	93.164062	162.304687
427727.596350	0.932377	10.256150	0.007920
427728.670863	0.572594	-31.445312	-237.500000
427728.672865	0.888055	-31.445312	-237.500000
427728.674866	0.935460	-31.445312	-237.500000
427728.676867	0.932731	10.260040	0.028939
427729.685441	0.347303	92.382812	166.113281
427729.687443	0.711033	92.382812	166.113281
427729.689442	0.932425	92.382812	166.113281
427729.691443	0.934306	92.382812	166.113281
427729.693443	0.932181	10.253987	0.009183
427730.769519	0.832678	-59.472656	-240.332031
427730.771520	0.936613	-59.472656	-240.332031
427730.773521	0.933573	10.269301	0.023689
427731.750036	0.388123	100.683594	174.511719
427731.754037	0.936202	100.683594	174.511719
427731.756039	0.934629	100.683594	174.511719
427731.758038	0.932504	10.257542	0.021947
427732.832135	0.526826	-27.539062	-246.484375
427732.834138	0.861310	-27.539062	-246.484375
427732.836139	0.935524	-27.539062	-246.484375
427732.838137	0.932589	10.258481	0.034150
427733.848157	0.563729	101.269531	177.148437
427733.850159	0.883201	101.269531	177.148437
427733.852159	0.935103	101.269531	177.148437
427733.854158	0.932295	10.255246	0.020996
427734.928199	0.325042	-51.367187	-244.726562
427734.930200	0.690166	-51.367187	-244.726562
427734.932198	0.929327	-51.367187	-244.726562
427734.936198	0.932578	-51.367187	-244.726562
427734.938200	0.931222	10.243442	0.029862
427735.944241	0.370636	103.613281	177.246094
427735.946243	0.733362	103.613281	177.246094
427735.948248	0.935865	103.613281	177.246094
427735.950245	0.935428	10.289703	0.017317
427737.026223	0.488385	-52.050781	-246.875000
427737.028224	0.835285	-52.050781	-246.875000
427737.030225	0.937488	-52.050781	-246.875000
427737.032225	0.934495	10.279449	0.027153
427738.042245	0.526205	98.925781	173.339844
427738.044250	0.861174	98.925781	173.339844
427738.046250	0.935871	98.925781	173.339844
427738.048250	0.932914	10.262053	0.016022
427739.090302	0.431937	-30.566406	-285.937500
427739.092302	0.789415	-30.566406	-285.937500
427739.096302	0.933902	-30.566406	-285.937500
427739.098303	0.932052	10.252569	0.020636
427740.072849	0.340089	115.234375	137.207031
427740.074851	0.704239	115.234375	137.207031
427740.076852	0.931730	115.234375	137.207031
427740.078851	0.934687	115.234375	137.207031
427740.080852	0.932343	10.255769	0.027356
427741.186922	0.331361	-27.539062	-269.140625
427741.188925	0.696124	-27.539062	-269.140625
427741.190925	0.929845	-27.539062	-269.140625
427741.192927	0.934123	-27.539062	-269.140625
427741.194933	0.931804	10.249849	0.028776
427742.170974	0.516567	109.667969	132.128906
427742.172973	0.854622	109.667969	132.128906
427742.174973	0.935852	109.667969	132.128906
427742.176975	0.932795	10.260750	0.019357
427743.285010	0.503714	-19.335937	-254.296875
427743.287013	0.846001	-19.335937	-254.296875
427743.289015	0.936160	-19.335937	-254.296875
427743.291013	0.933167	10.264835	0.032437
427744.269017	0.675651	110.156250	119.140625
427744.271019	0.925287	110.156250	119.140625
427744.273021	0.933753	110.156250	119.140625
427744.275020	0.931459	10.246047	0.012724
427745.385123	0.925586	-32.226562	-233.203125
427745.387123	0.934176	-32.226562	-233.203125
427745.389124	0.931901	10.250913	0.207886
427746.367133	0.836415	111.523437	107.910156
427746.369135	0.936120	111.523437	107.910156
427746.371134	0.932944	10.262380	0.006167
427747.445718	0.350847	-1.464844	-223.046875
427747.447720	0.714485	-1.464844	-223.046875
427747.451715	0.936315	-1.464844	-223.046875
427747.453718	0.934217	-1.464844	-223.046875
427747.455717	0.932857	10.261432	0.052045
427748.465818	0.936517	115.429687	95.214844
427748.467820	0.934238	115.429687	95.214844
427748.469820	0.932214	10.254351	0.608459
427749.543863	0.533313	-59.179687	-206.152344
427749.545865	0.865595	-59.179687	-206.152344
427749.547864	0.935838	-59.179687	-206.152344
427749.549864	0.932917	10.262088	0.023425
427750.560391	0.662432	129.589844	88.085937
427750.562393	0.922539	129.589844	88.085937
427750.564392	0.934624	129.589844	88.085937
427750.566392	0.932219	10.254404	0.148296
427751.610458	0.886450	-74.218750	-208.203125
427751.612461	0.935500	-74.218750	-208.203125
427751.614460	0.932652	10.259172	0.034270
427752.689036	0.432858	135.644531	90.234375
427752.691039	0.790240	135.644531	90.234375
427752.693040	0.937485	135.644531	90.234375
427752.695039	0.934673	10.281407	0.012319
427753.705971	0.636944	-154.687500	-218.261719
427753.707971	0.914884	-154.687500	-218.261719
427753.709975	0.934571	-154.687500	-218.261719
427753.711973	0.932021	10.252234	0.035113
427754.786534	0.991512	138.671875	106.347656
427754.788537	0.509021	138.671875	106.347656
427754.790537	0.936642	138.671875	106.347656
427754.792537	0.933402	10.267424	0.023017
427755.771137	0.774692	-101.269531	-253.613281
427755.775138	0.934128	-101.269531	-253.613281
427755.777139	0.932151	10.253660	0.021194
427756.883184	0.405008	129.589844	127.148437
427756.885188	0.765362	129.589844	127.148437
427756.887188	0.937032	129.589844	127.148437
427756.889189	0.934680	10.281479	0.028368
427757.867231	0.588014	-86.328125	-279.296875
427757.869233	0.895719	-86.328125	-279.296875
427757.871233	0.935443	-86.328125	-279.296875
427757.875234	0.931363	10.244993	0.020667
427758.950174	0.854639	129.296875	139.355469
427758.952177	0.935995	129.296875	139.355469
427758.954177	0.932931	10.262239	0.025977
427759.963152	0.362047	-64.843750	-292.675781
427759.965156	0.725090	-64.843750	-292.675781
427759.967157	0.933753	-64.843750	-292.675781
427759.969155	0.933812	10.271935	0.020296
427761.045175	0.488090	112.207031	148.437500
427761.047177	0.834670	112.207031	148.437500
427761.049177	0.936241	112.207031	148.437500
427761.051178	0.933033	10.263364	0.023386
427762.095256	0.757972	-91.406250	-276.953125
427762.097258	0.936241	-91.406250	-276.953125
427762.101258	0.932083	10.252915	0.014356
427763.111311	0.799038	113.378906	146.484375
427763.113315	0.936736	113.378906	146.484375
427763.115314	0.933708	10.270791	0.021837
427764.190280	0.374453	-57.714844	-276.855469
427764.194279	0.935023	-57.714844	-276.855469
427764.196281	0.934208	-57.714844	-276.855469
427764.198280	0.931920	10.251125	0.022934
427765.206308	0.414370	103.613281	146.093750
427765.210308	0.936851	103.613281	146.093750
427765.212310	0.934296	103.613281	146.093750
427765.214312	0.932347	10.255814	0.018740
427766.290387	0.874675	-46.777344	-274.121094
427766.292390	0.935307	-46.777344	-274.121094
427766.294390	0.932452	10.256974	0.022733
427767.304434	0.590824	100.488281	141.992187
427767.306434	0.896564	100.488281	141.992187
427767.308434	0.934632	100.488281	141.992187
427767.310435	0.932033	10.252366	0.012531
427768.386439	0.710793	-33.007812	-274.316406
427768.388441	0.931862	-33.007812	-274.316406
427768.390440	0.933606	-33.007812	-274.316406
427768.392440	0.931429	10.245719	0.022369
427769.367416	0.335471	110.839844	143.554687
427769.369418	0.699759	110.839844	143.554687
427769.371418	0.930274	110.839844	143.554687
427769.373418	0.933849	110.839844	143.554687
427769.375418	0.931558	10.247137	0.023533
427770.449978	0.556893	-4.003906	-285.644531
427770.451978	0.879438	-4.003906	-285.644531
427770.453979	0.935291	-4.003906	-285.644531
427770.455977	0.932460	10.257063	0.028005
427771.464932	0.401389	109.179687	145.214844
427771.466935	0.761967	109.179687	145.214844
427771.468936	0.936272	109.179687	145.214844
427771.470933	0.934060	10.274654	0.022004
427772.547009	0.535239	-38.183594	-280.957031
427772.549011	0.866629	-38.183594	-280.957031
427772.551012	0.935557	-38.183594	-280.957031
427772.553012	0.932596	10.258552	0.027327
427773.563083	0.582966	110.644531	148.730469
427773.565082	0.892951	110.644531	148.730469
427773.567083	0.935001	110.644531	148.730469
427773.569085	0.934873	10.283606	0.027336
427774.645135	0.710065	-68.652344	-282.421875
427774.647138	0.932314	-68.652344	-282.421875
427774.649137	0.934369	-68.652344	-282.421875
427774.651136	0.932153	10.253687	0.364036
427775.664165	0.935763	118.750000	149.218750
427775.666169	0.932864	118.750000	149.218750
427775.668168	0.931364	10.245002	0.029729
427776.710666	0.879104	-87.011719	-281.933594
427776.712668	0.935142	-87.011719	-281.933594
427776.714668	0.932334	10.255672	0.022544
427777.790731	0.686178	119.140625	145.996094
427777.792734	0.928185	119.140625	145.996094
427777.794732	0.934421	119.140625	145.996094
427777.796732	0.932128	10.253403	0.257414
427778.772780	0.508583	-63.769531	-286.914062
427778.774782	0.849163	-63.769531	-286.914062
427778.776782	0.935722	-63.769531	-286.914062
427778.778781	0.932635	10.258986	0.026748
427779.885801	0.306158	129.687500	133.789062
427779.887803	0.671966	129.687500	133.789062
427779.889804	0.925905	129.687500	133.789062
427779.891802	0.935784	129.687500	133.789062
427779.893803	0.933409	10.267494	0.028361
427780.871839	0.837671	-112.109375	-257.128906
427780.873842	0.936842	-112.109375	-257.128906
427780.875841	0.933798	10.271774	0.018625
427781.984409	0.574582	135.644531	116.113281
427781.986410	0.888643	135.644531	116.113281
427781.988411	0.934719	135.644531	116.113281
427781.990411	0.931990	10.251887	0.023741
427782.968481	0.757822	-126.074219	-227.734375
427782.970481	0.935637	-126.074219	-227.734375
427782.974479	0.931489	10.246384	0.584348
427784.049052	0.618465	142.480469	98.339844
427784.051052	0.908290	142.480469	98.339844
427784.053053	0.934706	142.480469	98.339844
427784.055053	0.932052	10.252569	0.026944
427785.063617	0.395682	-89.746094	-210.839844
427785.065617	0.756692	-89.746094	-210.839844
427785.067618	0.936302	-89.746094	-210.839844
427785.069617	0.934280	10.277083	0.026032
427786.146221	0.623747	130.859375	93.164062
427786.148223	0.910482	130.859375	93.164062
427786.150223	0.935108	130.859375	93.164062
427786.154222	0.931149	10.242635	0.016179
427787.162231	0.659248	-24.902344	-204.101562
427787.164234	0.921142	-24.902344	-204.101562
427787.168230	0.931302	-24.902344	-204.101562
427787.170233	0.929995	10.229944	0.153686
427788.210774	0.654807	120.996094	94.140625
427788.212777	0.920256	120.996094	94.140625
427788.214776	0.934128	120.996094	94.140625
427788.216778	0.931764	10.249406	0.115391
427789.290804	0.416287	-34.472656	-202.734375
427789.294804	0.937239	-34.472656	-202.734375
427789.296804	0.934665	-34.472656	-202.734375
427789.298807	0.932662	10.259287	0.032966
427790.307787	0.629146	111.035156	102.343750
427790.309786	0.912072	111.035156	102.343750
427790.311786	0.934567	111.035156	102.343750
427790.313786	0.931987	10.251861	0.009618
427791.388337	0.485055	-24.023437	-211.718750
427791.390336	0.832488	-24.023437	-211.718750
427791.394334	0.933479	-24.023437	-211.718750
427791.396337	0.931601	10.247616	0.030563
427792.372362	0.664089	113.769531	113.183594
427792.374363	0.922459	113.769531	113.183594
427792.376364	0.933677	113.769531	113.183594
427792.378365	0.931352	10.244868	0.013822
427793.486923	0.744515	-3.222656	-226.953125
427793.488924	0.935115	-3.222656	-226.953125
427793.490925	0.933500	10.268496	0.034771
427794.469456	0.651648	106.152344	123.437500
427794.471457	0.918983	106.152344	123.437500
427794.473459	0.933904	106.152344	123.437500
427794.475458	0.931524	10.246765	0.098623
427795.585492	0.915238	-8.593750	-237.402344
427795.587496	0.934511	-8.593750	-237.402344
427795.589494	0.932056	10.252614	0.059821
427796.566041	0.549282	99.804687	131.933594
427796.568045	0.874714	99.804687	131.933594
427796.570046	0.934877	99.804687	131.933594
427796.572046	0.931959	10.251551	0.011523
427797.646094	0.312493	20.019531	-254.003906
427797.648102	0.678009	20.019531	-254.003906
427797.650103	0.926666	20.019531	-254.003906
427797.652102	0.934267	20.019531	-254.003906
427797.654103	0.931901	10.250913	0.042007
427798.662145	1.395621	100.292969	138.085937
427798.664152	0.722876	100.292969	138.085937
427798.666156	0.934561	100.292969	138.085937
427798.670155	0.932759	10.260351	0.012749
427799.744221	0.492813	20.507812	-259.960937
427799.746225	0.837965	20.507812	-259.960937
427799.748225	0.935730	20.507812	-259.960937
427799.750223	0.932530	10.257833	0.035662
427800.760261	0.538239	99.218750	142.578125
427800.762263	0.868447	99.218750	142.578125
427800.764264	0.935382	99.218750	142.578125
427800.766263	0.932426	10.256681	0.011731
427801.842282	0.656984	-17.968750	-255.468750
427801.844282	0.920824	-17.968750	-255.468750
427801.846283	0.934234	-17.968750	-255.468750
427801.848284	0.931857	10.250425	0.134419
427802.826302	0.824532	110.742187	145.019531
427802.828305	0.935216	110.742187	145.019531
427802.830303	0.932028	10.252313	0.024906
427803.940355	0.816634	-17.382812	-257.714844
427803.942356	0.936268	-17.382812	-257.714844
427803.944356	0.933119	10.264304	0.027501
427804.922924	0.739828	105.468750	147.070312
427804.924925	0.934444	105.468750	147.070312
427804.926925	0.934766	10.282427	0.023066
427806.002976	0.506918	27.832031	-266.894531
427806.004978	0.847953	27.832031	-266.894531
427806.006978	0.935602	27.832031	-266.894531
427806.008978	0.932530	10.257825	0.041113
427807.019508	0.637234	106.152344	146.777344
427807.021511	0.914834	106.152344	146.777344
427807.023511	0.934393	106.152344	146.777344
427807.025512	0.931810	10.249911	0.046447
427808.099503	0.394248	7.031250	-258.593750
427808.101505	0.755246	7.031250	-258.593750
427808.103506	0.935714	7.031250	-258.593750
427808.105506	0.933579	10.269364	0.039505
427809.117580	0.799641	106.542969	144.531250
427809.121580	0.933231	106.542969	144.531250
427809.123581	0.931409	10.245498	0.014237
427810.197618	0.566549	8.203125	-250.878906
427810.199620	0.884666	8.203125	-250.878906
427810.201619	0.935142	8.203125	-250.878906
427810.203619	0.932459	10.257045	0.038926
427811.213662	0.608696	100.000000	141.503906
427811.215664	0.904460	100.000000	141.503906
427811.217664	0.934822	100.000000	141.503906
427811.219664	0.932294	10.255238	0.011515
427812.297739	0.935026	25.292969	-245.800781
427812.299740	0.933732	25.292969	-245.800781
427812.301743	0.931716	10.248875	0.515974
427813.276302	0.288364	109.472656	135.449219
427813.278303	0.654905	109.472656	135.449219
427813.280304	0.920325	109.472656	135.449219
427813.282303	0.934325	109.472656	135.449219
427813.284304	0.931968	10.251648	0.022344
427814.392362	0.643272	12.988281	-232.226562
427814.394362	0.916377	12.988281	-232.226562
427814.396362	0.933658	12.988281	-232.226562
427814.398364	0.931276	10.244036	0.076859
427815.376374	0.812659	113.867187	128.320312
427815.378377	0.936136	113.867187	128.320312
427815.380376	0.932847	10.261316	0.016099
427816.489369	0.618773	6.640625	-219.042969
427816.491372	0.907949	6.640625	-219.042969
427816.493370	0.933740	6.640625	-219.042969
427816.495369	0.931378	10.245161	0.035364
427817.471449	0.446207	114.160156	118.652344
427817.473451	0.801309	114.160156	118.652344
427817.475451	0.936630	114.160156	118.652344
427817.477450	0.933549	10.269036	0.015277
427818.587997	0.859741	-8.300781	-205.175781
427818.590000	0.934809	-8.300781	-205.175781
427818.592000	0.931804	10.249849	0.028477
427819.569998	0.697693	114.453125	109.277344
427819.572000	0.929350	114.453125	109.277344
427819.573999	0.933060	114.453125	109.277344
427819.577999	0.929753	10.227285	0.306747
427820.652023	0.812582	3.710937	-196.972656
427820.654024	0.936026	3.710937	-196.972656
427820.658021	0.931100	10.242104	0.040000
427821.666594	1.387506	125.390625	101.660156
427821.668598	0.899703	125.390625	101.660156
427821.672594	0.932439	125.390625	101.660156
427821.674594	0.930997	10.240969	0.019736
427822.716654	0.846693	-35.839844	-191.601562
427822.718655	0.935671	-35.839844	-191.601562
427822.720653	0.932440	10.256841	0.041119
427823.764658	0.761349	136.523437	99.902344
427823.766659	0.935513	136.523437	99.902344
427823.768660	0.933125	10.264375	0.025761
427824.810686	0.298460	-84.375000	-195.996094
427824.812687	0.664574	-84.375000	-195.996094
427824.814687	0.922965	-84.375000	-195.996094
427824.816688	0.934303	-84.375000	-195.996094
427824.818688	0.931854	10.250399	0.026473
427825.893264	0.526596	135.839844	107.714844
427825.895270	0.861075	135.839844	107.714844
427825.897277	0.935338	135.839844	107.714844
427825.899278	0.932320	10.255521	0.022369
427826.877288	0.703300	-113.378906	-214.648437
427826.879290	0.931049	-113.378906	-214.648437
427826.881289	0.933997	-113.378906	-214.648437
427826.883288	0.931683	10.248511	0.351151
427827.989392	0.337340	137.890625	122.949219
427827.991393	0.701364	137.890625	122.949219
427827.993394	0.930121	137.890625	122.949219
427827.995393	0.933164	137.890625	122.949219
427827.997394	0.931087	10.241961	0.028075
427828.973469	0.529312	-118.164062	-236.425781
427828.975469	0.862554	-118.164062	-236.425781
427828.977470	0.935032	-118.164062	-236.425781
427828.979470	0.932016	10.252171	0.021752
427830.089541	0.857792	131.250000	140.820312
427830.091544	0.935142	131.250000	140.820312
427830.093543	0.932215	10.254360	0.028233
427831.072115	0.792973	-118.066406	-253.613281
427831.074116	0.936514	-118.066406	-253.613281
427831.078115	0.931618	10.247802	0.021760
427832.152240	0.578514	125.781250	153.027344
427832.154242	0.890511	125.781250	153.027344
427832.156242	0.934494	125.781250	153.027344
427832.158242	0.931750	10.249255	0.034239
427833.170273	0.908072	-68.554687	-272.949219
427833.172274	0.934362	-68.554687	-272.949219
427833.174274	0.931790	10.249689	0.025095
427834.248818	0.475012	113.574219	162.011719
427834.250820	0.824629	113.574219	162.011719
427834.252819	0.936410	113.574219	162.011719
427834.254821	0.933223	10.265455	0.025863
427835.264882	0.521248	-40.722656	-277.734375
427835.266885	0.857256	-40.722656	-277.734375
427835.268885	0.934642	-40.722656	-277.734375
427835.270883	0.931657	10.248227	0.032492
427836.314980	0.792036	112.011719	163.769531
427836.316981	0.936122	112.011719	163.769531
427836.318982	0.936108	10.297183	0.030339
427837.361031	0.338260	-26.269531	-274.902344
427837.363032	0.702321	-26.269531	-274.902344
427837.365034	0.930902	-26.269531	-274.902344
427837.367033	0.933931	-26.269531	-274.902344
427837.369031	0.931709	10.248803	0.036810
427838.411096	0.608859	107.812500	163.574219
427838.413097	0.904039	107.812500	163.574219
427838.415097	0.933947	107.812500	163.574219
427838.417098	0.931518	10.246695	0.023812
427839.459173	0.519191	-23.925781	-270.410156
427839.461175	0.856071	-23.925781	-270.410156
427839.463175	0.935220	-23.925781	-270.410156
427839.465175	0.932170	10.253872	0.034263
427840.509253	0.787176	101.953125	163.671875
427840.511254	0.935658	101.953125	163.671875
427840.513255	0.932569	10.258259	0.020590
427841.555303	0.331913	-28.417969	-268.066406
427841.557305	0.696110	-28.417969	-268.066406
427841.559305	0.929741	-28.417969	-268.066406
427841.561305	0.933936	-28.417969	-268.066406
427841.563305	0.931658	10.248237	0.032447
427842.573312	0.732486	116.992187	162.792969
427842.575312	0.933757	116.992187	162.792969
427842.577314	0.933017	10.263187	0.037012
427843.655871	0.895960	-31.738281	-270.800781
427843.657878	0.934246	-31.738281	-270.800781
427843.659877	0.931537	10.246906	0.023838
427844.668846	0.441075	116.015625	163.964844
427844.670847	0.797047	116.015625	163.964844
427844.672847	0.936973	116.015625	163.964844
427844.674847	0.933900	10.272900	0.036624
427845.716884	0.339499	-32.519531	-275.195312
427845.718884	0.703353	-32.519531	-275.195312
427845.720885	0.931124	-32.519531	-275.195312
427845.724884	0.931877	-32.519531	-275.195312
427845.726884	0.930662	10.237283	0.039502
427846.800900	0.817254	109.375000	165.234375
427846.802901	0.936821	109.375000	165.234375
427846.804899	0.933574	10.269320	0.022420
427847.815012	0.516734	-64.160156	-271.386719
427847.817011	0.854404	-64.160156	-271.386719
427847.819010	0.934993	-64.160156	-271.386719
427847.821012	0.931991	10.251896	0.025686
427848.897074	0.646907	118.750000	162.597656
427848.899075	0.918006	118.750000	162.597656
427848.901075	0.934354	118.750000	162.597656
427848.903077	0.931907	10.250975	0.090587
427849.911643	0.422876	-123.242187	-246.679687
427849.913644	0.781381	-123.242187	-246.679687
427849.915643	0.937182	-123.242187	-246.679687
427849.917644	0.934423	10.278651	0.017506
427850.993702	0.552513	130.761719	157.910156
427850.995702	0.876676	130.761719	157.910156
427850.997703	0.934740	130.761719	157.910156
427850.999703	0.931837	10.250203	0.030633
427851.975762	0.374358	-96.191406	-237.597656
427851.977765	0.736516	-96.191406	-237.597656
427851.979764	0.935417	-96.191406	-237.597656
427851.981765	0.934572	10.280292	0.027197
427853.089839	0.367277	136.328125	141.503906
427853.091842	0.729809	136.328125	141.503906
427853.093842	0.934548	136.328125	141.503906
427853.095842	0.934332	10.277650	0.032582
427854.077919	0.935017	-139.941406	-207.812500
427854.079922	0.932081	-139.941406	-207.812500
427854.081921	0.930668	10.237353	0.024577
427855.187940	0.541346	139.843750	124.511719
427855.189942	0.870149	139.843750	124.511719
427855.191943	0.935060	139.843750	124.511719
427855.193943	0.932081	10.252889	0.024785
427856.169985	0.360112	-107.324219	-192.285156
427856.173991	0.933166	-107.324219	-192.285156
427856.175992	0.933140	-107.324219	-192.285156
427856.177993	0.931093	10.242023	0.028989
427857.252059	0.493932	136.523437	114.160156
427857.254061	0.838474	136.523437	114.160156
427857.256062	0.935258	136.523437	114.160156
427857.258063	0.932109	10.253199	0.024275
427858.268099	0.535979	-61.621094	-182.519531
427858.270101	0.866588	-61.621094	-182.519531
427858.272100	0.934633	-61.621094	-182.519531
427858.274101	0.931775	10.249521	0.035095
427859.316132	0.438178	137.695312	109.960937
427859.318134	0.794428	137.695312	109.960937
427859.320135	0.936802	137.695312	109.960937
427859.322135	0.933794	10.271739	0.029543
427860.364694	0.434994	-6.542969	-181.250000
427860.366696	0.791843	-6.542969	-181.250000
427860.368696	0.936709	-6.542969	-181.250000
427860.370697	0.933559	10.269151	0.044181
427861.414760	0.702482	120.703125	114.453125
427861.416761	0.929991	120.703125	114.453125
427861.418762	0.932864	120.703125	114.453125
427861.420762	0.930815	10.238966	0.017538
427862.462777	0.601384	61.132812	-187.792969
427862.464777	0.900857	61.132812	-187.792969
427862.466778	0.933942	61.132812	-187.792969
427862.468778	0.931394	10.245338	0.052234
427863.478798	0.640045	126.562500	120.117187
427863.480797	0.915321	126.562500	120.117187
427863.482799	0.933601	126.562500	120.117187
427863.484797	0.931276	10.244036	0.061895
427864.558895	1.387146	58.496094	-191.308594
427864.560897	0.774809	58.496094	-191.308594
427864.562895	0.935885	58.496094	-191.308594
427864.564898	0.933126	10.264383	0.054738
427865.574947	0.461208	116.601562	127.343750
427865.576949	0.813633	116.601562	127.343750
427865.578950	0.936426	116.601562	127.343750
427865.580948	0.933214	10.265358	0.019481
427866.658973	0.892601	63.964844	-197.460937
427866.660974	0.933651	63.964844	-197.460937
427866.662974	0.931161	10.242768	0.050956
427867.673575	2.891025	114.453125	132.617187
427867.675575	0.932879	114.453125	132.617187
427867.677576	0.933424	10.267663	0.427704
427868.756120	0.892303	70.214844	-201.855469
427868.758122	0.934367	70.214844	-201.855469
427868.762120	0.930298	10.233276	0.045070
427869.770128	0.618856	112.988281	135.644531
427869.772128	0.907830	112.988281	135.644531
427869.774128	0.933767	112.988281	135.644531
427869.776128	0.931230	10.243530	0.012084
427870.850716	0.483427	54.101562	-200.585937
427870.852718	0.830937	54.101562	-200.585937
427870.854718	0.935761	54.101562	-200.585937
427870.858717	0.930993	10.240925	0.043607
427871.833260	0.392303	119.921875	136.425781
427871.837258	0.936200	119.921875	136.425781
427871.839260	0.934246	119.921875	136.425781
427871.843258	0.931050	10.241545	0.024400
427872.947314	0.379134	32.617187	-195.898437
427872.949316	0.740960	32.617187	-195.898437
427872.951316	0.935887	32.617187	-195.898437
427872.953317	0.934748	10.282232	0.043682
427873.931314	0.556597	122.265625	134.960937
427873.933315	0.878712	122.265625	134.960937
427873.935317	0.934579	122.265625	134.960937
427873.937318	0.931678	10.248458	0.021461
427875.047377	0.872594	21.875000	-190.917969
427875.049377	0.935140	21.875000	-190.917969
427875.051377	0.932240	10.254643	0.038898
427876.027369	0.353471	120.019531	131.152344
427876.029387	0.716489	120.019531	131.152344
427876.031388	0.932434	120.019531	131.152344
427876.035385	0.930884	120.019531	131.152344
427876.037387	0.929658	10.226240	0.021384
427877.143422	0.706936	-8.496094	-182.519531
427877.147422	0.934881	-8.496094	-182.519531
427877.149424	0.932646	-8.496094	-182.519531
427877.151424	0.931323	10.244558	0.034388
427878.125402	0.516106	123.046875	125.976562
427878.127404	0.853964	123.046875	125.976562
427878.129403	0.934903	123.046875	125.976562
427878.131403	0.931908	10.250983	0.018833
427879.205978	0.374995	29.003906	-183.203125
427879.207982	0.737139	29.003906	-183.203125
427879.209985	0.935204	29.003906	-183.203125
427879.211987	0.934235	10.276587	0.045135
427880.222026	0.419926	124.902344	119.433594
427880.224027	0.435195	124.902344	119.433594
427880.226027	0.936340	124.902344	119.433594
427880.228027	0.933540	10.268938	0.020408
427881.304093	0.550986	-31.738281	-174.218750
427881.306092	0.875509	-31.738281	-174.218750
427881.308093	0.934147	-31.738281	-174.218750
427881.310094	0.931255	10.243805	0.035571
427882.320144	0.593504	131.738281	114.550781
427882.322149	0.897393	131.738281	114.550781
427882.326149	0.931457	131.738281	114.550781
427882.328150	0.930114	10.231256	0.025415
427883.368170	0.495475	-1.269531	-178.808594
427883.370172	0.839914	-1.269531	-178.808594
427883.372171	0.936730	-1.269531	-178.808594
427883.374172	0.933662	10.270286	0.040659
427884.417102	0.560249	141.699219	114.746094
427884.421102	0.933895	141.699219	114.746094
427884.423104	0.931175	141.699219	114.746094
427884.425105	0.929713	10.226843	0.033117
427885.465162	0.467486	-86.425781	-179.589844
427885.467164	0.818496	-86.425781	-179.589844
427885.469164	0.935411	-86.425781	-179.589844
427885.471163	0.932142	10.253562	0.026387
427886.549726	0.927890	137.988281	124.121094
427886.551729	0.933971	137.988281	124.121094
427886.553727	0.931722	10.248937	0.266259
427887.529757	0.504726	-70.019531	-199.414062
427887.531758	0.846104	-70.019531	-199.414062
427887.533758	0.934856	-70.019531	-199.414062
427887.535760	0.931696	10.248661	0.034956
427888.644381	0.596212	140.234375	138.378906
427888.648380	0.934511	140.234375	138.378906
427888.650382	0.931949	140.234375	138.378906
427888.652382	0.930553	10.236086	0.031685
427889.626413	0.415808	-104.687500	-215.527344
427889.628414	0.774753	-104.687500	-215.527344
427889.630415	0.935303	-104.687500	-215.527344
427889.632412	0.932563	10.258198	0.026973
427890.742472	0.765392	133.105469	157.519531
427890.748470	0.931352	133.105469	157.519531
427890.750473	0.930256	10.232816	0.030651
427891.724490	0.582881	-110.644531	-231.835937
427891.726492	0.892284	-110.644531	-231.835937
427891.728492	0.933999	-110.644531	-231.835937
427891.730494	0.931341	10.244754	0.022410
427892.806512	0.704860	133.300781	168.164062
427892.808513	0.930683	133.300781	168.164062
427892.810516	0.933252	133.300781	168.164062
427892.812513	0.931124	10.242360	0.358708
427893.820545	0.384808	-94.335937	-244.140625
427893.822547	0.746349	-94.335937	-244.140625
427893.824548	0.935126	-94.335937	-244.140625
427893.826546	0.933504	10.268539	0.024659
427894.904556	0.847806	122.949219	178.417969
427894.906558	0.935177	122.949219	178.417969
427894.908559	0.931975	10.251728	0.032139
427895.919576	0.721676	-42.773437	-257.519531
427895.921579	0.932910	-42.773437	-257.519531
427895.925576	0.931160	-42.773437	-257.519531
427895.927577	0.929926	10.229182	0.030383
427896.966198	0.368993	120.410156	182.421875
427896.968200	0.731261	120.410156	182.421875
427896.970202	0.933551	120.410156	182.421875
427896.972200	0.932907	10.261972	0.038605
427898.016247	0.636010	-50.488281	-252.441406
427898.018246	0.914246	-50.488281	-252.441406
427898.020247	0.934272	-50.488281	-252.441406
427898.022246	0.931708	10.248786	0.052238
427899.064269	0.536517	112.597656	184.667969
427899.066273	0.867261	112.597656	184.667969
427899.068272	0.871246	112.597656	184.667969
427899.070271	0.932246	10.254705	0.029898
427900.112301	0.438678	-15.625000	-257.226562
427900.114302	0.794893	-15.625000	-257.226562
427900.116303	0.937160	-15.625000	-257.226562
427900.118302	0.934285	10.277136	0.031093
427901.160312	0.330704	112.207031	183.789062
427901.162315	0.694949	112.207031	183.789062
427901.166314	0.933393	112.207031	183.789062
427901.168315	0.931141	112.207031	183.789062
427901.170314	0.930069	10.230760	0.028177
427902.212371	0.900571	-29.199219	-253.906250
427902.214373	0.933860	-29.199219	-253.906250
427902.216373	0.931315	10.244461	0.025619
427903.259354	0.677114	112.109375	184.570312
427903.261355	0.686658	112.109375	184.570312
427903.263355	0.933725	112.109375	184.570312
427903.265355	0.931462	10.246082	0.230262
427904.277413	0.932431	-29.101562	-256.250000
427904.281412	0.930715	-29.101562	-256.250000
427904.283414	0.929628	10.225903	0.044283
427905.355510	0.498554	114.941406	183.300781
427905.357513	0.841657	114.941406	183.300781
427905.361509	0.931651	114.941406	183.300781
427905.363514	0.930046	10.230512	0.027413
427906.373564	0.869776	-72.265625	-248.535156
427906.375565	0.934475	-72.265625	-248.535156
427906.377567	0.931596	10.247554	0.029584
427907.453593	0.667037	124.414062	177.929687
427907.455595	0.923252	124.414062	177.929687
427907.457595	0.933706	124.414062	177.929687
427907.459595	0.931434	10.245772	0.189187
427908.470560	0.853805	-95.605469	-240.722656
427908.472563	0.935161	-95.605469	-240.722656
427908.476559	0.932086	10.252951	0.021101
427909.549126	0.372648	133.593750	167.382812
427909.553128	0.934985	133.593750	167.382812
427909.557129	0.932118	133.593750	167.382812
427909.559130	0.930935	10.240287	0.036574
427910.533138	0.548327	-93.457031	-229.882812
427910.535140	0.873715	-93.457031	-229.882812
427910.537141	0.933927	-93.457031	-229.882812
427910.539139	0.931158	10.242742	0.031418
427911.647214	0.540386	135.449219	153.906250
427911.649216	0.869373	135.449219	153.906250
427911.651214	0.873956	135.449219	153.906250
427911.653215	0.931898	10.250877	0.037098
427912.629281	0.364795	-119.628906	-205.761719
427912.631282	0.727293	-119.628906	-205.761719
427912.633284	0.933106	-119.628906	-205.761719
427912.635283	0.932870	10.261574	0.029958
427913.743354	0.357786	139.453125	137.304687
427913.745361	0.387770	139.453125	137.304687
427913.747362	0.933106	139.453125	137.304687
427913.749362	0.933361	139.453125	137.304687
427913.751362	0.931323	10.244558	0.032969
427914.727427	0.545261	-89.550781	-190.527344
427914.729427	0.872085	-89.550781	-190.527344
427914.731429	0.934243	-89.550781	-190.527344
427914.733429	0.931460	10.246057	0.031789
427915.809492	0.676274	144.238281	124.023437
427915.811492	0.925146	144.238281	124.023437
427915.813491	0.933298	144.238281	124.023437
427915.815493	0.931061	10.241670	0.219765
427916.826497	0.863620	-43.164062	-179.589844
427916.828500	0.934355	-43.164062	-179.589844
427916.830499	0.931369	10.245054	0.033458
427917.905123	0.399924	128.906250	121.582031
427917.907125	0.760366	128.906250	121.582031
427917.909125	0.934791	128.906250	121.582031
427917.911124	0.932455	10.257010	0.021217
427918.923129	0.793850	0.390625	-174.121094
427918.925131	0.937973	0.390625	-174.121094
427918.927132	0.935051	10.285563	0.042430
427919.971712	0.795189	134.667969	118.457031
427919.973713	0.935370	134.667969	118.457031
427919.975714	0.935316	10.288480	0.027090
427921.017731	1.641341	33.105469	-173.632812
427921.019733	0.698905	33.105469	-173.632812
427921.021733	0.929702	33.105469	-173.632812
427921.023737	0.933404	33.105469	-173.632812
427921.025742	0.931201	10.243212	0.050414
427922.069796	0.902916	122.851562	122.851562
427922.071798	0.934383	122.851562	122.851562
427922.073799	0.931880	10.250682	0.016416
427923.116380	0.608415	42.871094	-175.000000
427923.118381	0.903858	42.871094	-175.000000
427923.120382	0.934034	42.871094	-175.000000
427923.122382	0.931469	10.246162	0.052973
427924.132457	0.656265	124.511719	127.148437
427924.134458	0.919811	124.511719	127.148437
427924.136458	0.932972	124.511719	127.148437
427924.138459	0.930742	10.238159	0.134896
427925.212550	0.431469	82.031250	-181.933594
427925.214550	0.788714	82.031250	-181.933594
427925.216551	0.936907	82.031250	-181.933594
427925.218553	0.933942	10.273361	0.052512
427926.228565	0.470136	120.800781	129.980469
427926.230566	0.820510	120.800781	129.980469
427926.234564	0.933135	120.800781	129.980469
427926.238566	0.930362	10.233986	0.022808
427927.309147	0.326537	62.695312	-182.812500
427927.311148	0.690871	62.695312	-182.812500
427927.313148	0.928957	62.695312	-182.812500
427927.315150	0.934366	62.695312	-182.812500
427927.317150	0.932085	10.252934	0.050812
427928.325185	0.371425	114.843750	131.640625
427928.327185	0.733637	114.843750	131.640625
427928.329185	0.933606	114.843750	131.640625
427928.331185	0.932679	10.259464	0.018751
427929.409232	0.843727	66.699219	-182.910156
427929.411236	0.935567	66.699219	-182.910156
427929.413236	0.932261	10.254874	0.045607
427930.424193	0.708942	116.503906	131.347656
427930.426195	0.931210	116.503906	131.347656
427930.428197	0.933076	116.503906	131.347656
427930.430195	0.931035	10.241385	0.017195
427931.508760	0.934096	44.726562	-178.417969
427931.510761	0.931315	44.726562	-178.417969
427931.512762	0.929913	10.229040	0.040638
427932.519394	0.352894	115.136719	129.785156
427932.521425	0.715993	115.136719	129.785156
427932.523429	0.933172	115.136719	129.785156
427932.525429	0.933588	115.136719	129.785156
427932.527429	0.931504	10.246544	0.016368
427933.601523	0.498161	7.324219	-171.386719
427933.605523	0.935418	7.324219	-171.386719
427933.607524	0.932145	7.324219	-171.386719
427933.609525	0.930554	10.236095	0.036862
427934.619569	0.869519	119.824219	126.562500
427934.621572	0.934000	119.824219	126.562500
427934.623571	0.931154	10.242698	0.015163
427935.666115	0.533745	23.535156	-171.484375
427935.668117	0.865317	23.535156	-171.484375
427935.670117	0.934888	23.535156	-171.484375
427935.672119	0.931985	10.251835	0.050174
427936.714170	0.441685	119.140625	124.121094
427936.716172	0.797309	119.140625	124.121094
427936.718172	0.936732	119.140625	124.121094
427936.720172	0.933720	10.270915	0.017114
427937.762225	0.344391	-32.226562	-166.308594
427937.764226	0.707745	-32.226562	-166.308594
427937.766226	0.930500	-32.226562	-166.308594
427937.768227	0.932570	-32.226562	-166.308594
427937.770226	0.932503	10.257533	0.040039
427938.812239	0.607743	127.148437	122.558594
427938.814243	0.903591	127.148437	122.558594
427938.818241	0.931495	127.148437	122.558594
427938.820242	0.930234	10.232576	0.020445
427939.830267	0.917202	-4.394531	-173.632812
427939.832270	0.933492	-4.394531	-173.632812
427939.834271	0.931108	10.242192	0.114776
427940.908279	0.406400	138.671875	125.195312
427940.910282	0.766216	138.671875	125.195312
427940.912280	0.936093	138.671875	125.195312
427940.914281	0.933666	10.270321	0.028293
427941.928329	0.935002	-95.117187	-175.292969
427941.930332	0.931852	-95.117187	-175.292969
427941.932331	0.930097	10.231071	0.031837
427943.006397	0.581086	142.578125	133.984375
427943.008397	0.891509	142.578125	133.984375
427943.010397	0.894198	142.578125	133.984375
427943.012399	0.931405	10.245453	0.034578
427943.990413	0.756266	-34.179687	-200.292969
427943.992415	0.934985	-34.179687	-200.292969
427943.996415	0.930869	10.239560	0.039315
427945.103406	0.555219	146.386719	147.167969
427945.105408	0.878044	146.386719	147.167969
427945.107409	0.934447	146.386719	147.167969
427945.109409	0.931553	10.247084	0.039554
427946.087436	0.729212	-103.515625	-209.472656
427946.089437	0.932766	-103.515625	-209.472656
427946.091436	0.932229	10.254519	0.033502
427947.201497	0.719575	138.476562	164.160156
427947.203498	0.933336	138.476562	164.160156
427947.205498	0.933757	138.476562	164.160156
427947.207499	0.931557	10.247128	0.423863
427948.184439	0.704310	-91.015625	-226.562500
427948.186443	0.929889	-91.015625	-226.562500
427948.188446	0.932442	-91.015625	-226.562500
427948.190445	0.930440	10.234845	0.358475
427949.298525	0.699310	124.804687	181.933594
427949.300527	0.929137	124.804687	181.933594
427949.302528	0.932440	124.804687	181.933594
427949.304528	0.930423	10.234650	0.331777
427950.282568	0.857074	-44.335937	-243.847656
427950.284568	0.935015	-44.335937	-243.847656
427950.286570	0.931940	10.251338	0.030996
427951.361562	0.457417	127.636719	186.328125
427951.363566	0.810267	127.636719	186.328125
427951.365566	0.936443	127.636719	186.328125
427951.367566	0.933347	10.266820	0.039593
427952.376539	0.302464	-28.222656	-248.925781
427952.378541	0.668103	-28.222656	-248.925781
427952.380540	0.923015	-28.222656	-248.925781
427952.382540	0.933127	-28.222656	-248.925781
427952.384540	0.930838	10.239215	0.037925
427953.459112	0.528422	114.746094	192.578125
427953.461112	0.861835	114.746094	192.578125
427953.463114	0.934360	114.746094	192.578125
427953.465116	0.931414	10.245551	0.028514
427954.475195	0.576951	-28.808594	-248.730469
427954.477198	0.889118	-28.808594	-248.730469
427954.479197	0.933357	-28.808594	-248.730469
427954.481196	0.930863	10.239490	0.035836
427955.525226	0.828864	118.261719	191.406250
427955.529227	0.932312	118.261719	191.406250
427955.531227	0.930689	10.237583	0.045137
427956.573261	0.742367	-17.187500	-251.660156
427956.575262	0.933727	-17.187500	-251.660156
427956.577262	0.932215	10.254360	0.521050
427957.623289	0.916391	118.945312	191.113281
427957.625296	0.933071	118.945312	191.113281
427957.627301	0.930847	10.239321	0.100934
427958.669356	0.553368	-42.871094	-245.214844
427958.671357	0.876638	-42.871094	-245.214844
427958.673359	0.933831	-42.871094	-245.214844
427958.675358	0.931060	10.241660	0.032190
427959.717442	0.466062	122.949219	189.941406
427959.719444	0.817523	122.949219	189.941406
427959.721444	0.937270	122.949219	189.941406
427959.723444	0.934181	10.275992	0.040757
427960.735451	0.843546	-35.058594	-247.753906
427960.737453	0.934779	-35.058594	-247.753906
427960.739456	0.931668	10.248351	0.045568
427961.817527	0.912687	119.433594	188.574219
427961.819529	0.933088	119.433594	188.574219
427961.821529	0.930775	10.238523	0.042581
427962.831630	0.684481	-56.152344	-242.480469
427962.833631	0.926722	-56.152344	-242.480469
427962.835632	0.932934	-56.152344	-242.480469
427962.837634	0.930764	10.238399	0.271431
427963.911649	0.448067	132.128906	179.980469
427963.913650	0.802468	132.128906	179.980469
427963.915652	0.935594	132.128906	179.980469
427963.919649	0.930635	10.236990	0.044719
427964.928214	0.582653	-111.718750	-225.585937
427964.930222	0.891943	-111.718750	-225.585937
427964.932220	0.933320	-111.718750	-225.585937
427964.934220	0.930843	10.239267	0.023985
427966.008252	0.346108	140.136719	167.382812
427966.010256	0.709341	140.136719	167.382812
427966.012255	0.931282	140.136719	167.382812
427966.014254	0.932176	140.136719	167.382812
427966.016254	0.931134	10.242476	0.050603
427966.992277	0.525980	-62.402344	-222.167969
427966.994279	0.860108	-62.402344	-222.167969
427966.996280	0.934375	-62.402344	-222.167969
427966.998280	0.931461	10.246074	0.038185
427968.106308	0.511800	141.894531	154.101562
427968.108311	0.850669	141.894531	154.101562
427968.112310	0.931212	141.894531	154.101562
427968.114312	0.929711	10.226816	0.048416
427969.088395	0.333960	-78.417969	-200.195312
427969.090398	0.697748	-78.417969	-200.195312
427969.092397	0.929563	-78.417969	-200.195312
427969.094398	0.933425	-78.417969	-200.195312
427969.096397	0.931144	10.242582	0.037963
427970.204418	0.683376	140.332031	141.699219
427970.206418	0.926155	140.332031	141.699219
427970.208419	0.932493	140.332031	141.699219
427970.210418	0.930357	10.233924	0.039935
427971.190446	0.934992	-73.046875	-182.324219
427971.192450	0.931956	10.251515	0.039988
427972.302507	0.838020	133.105469	133.593750
427972.304509	0.935444	133.105469	133.593750
427972.306509	0.932257	10.254829	0.025148
427973.284546	0.673124	3.320312	-175.781250
427973.288546	0.932535	3.320312	-175.781250
427973.290546	0.930430	3.320312	-175.781250
427973.292554	0.929217	10.221383	0.045572
427974.365136	0.537002	133.398437	128.320312
427974.367136	0.867398	133.398437	128.320312
427974.369136	0.934988	133.398437	128.320312
427974.371136	0.932157	10.253731	0.026981
427975.381202	0.583615	28.710937	-168.457031
427975.383204	0.892266	28.710937	-168.457031
427975.385205	0.933281	28.710937	-168.457031
427975.387205	0.930731	10.238036	0.049390
427976.429232	0.486051	136.230469	125.195312
427976.431236	0.832268	136.230469	125.195312
427976.433234	0.934756	136.230469	125.195312
427976.435234	0.931667	10.248333	0.039175
427977.479289	0.751868	79.394531	-168.945312
427977.483290	0.932339	79.394531	-168.945312
427977.485294	0.930524	10.235767	0.054111
427978.526240	0.461096	127.441406	127.343750
427978.528242	0.813440	127.441406	127.343750
427978.530241	0.817800	127.441406	127.343750
427978.534241	0.931651	10.248165	0.026150
427979.576305	0.728014	93.652344	-168.945312
427979.578305	0.933424	93.652344	-168.945312
427979.580305	0.933084	10.263922	0.476038
427980.626303	0.910066	124.511719	130.859375
427980.628305	0.933649	124.511719	130.859375
427980.630306	0.931224	10.243460	0.021670
427981.672836	0.616400	68.847656	-166.015625
427981.676835	0.934015	68.847656	-166.015625
427981.678835	0.931436	68.847656	-166.015625
427981.680837	0.930204	10.232240	0.056720
427982.720907	0.526174	121.972656	133.007812
427982.724907	0.934658	121.972656	133.007812
427982.726910	0.931634	121.972656	133.007812
427982.728908	0.930138	10.231522	0.018108
427983.769826	0.586174	86.621094	-169.238281
427983.771828	0.893800	86.621094	-169.238281
427983.773830	0.933704	86.621094	-169.238281
427983.775829	0.931162	10.242786	0.055270
427984.786757	0.786287	132.617187	130.859375
427984.788758	0.934963	132.617187	130.859375
427984.790759	0.931867	10.250541	0.033756
427985.867303	0.646205	23.046875	-163.476562
427985.869305	0.917224	23.046875	-163.476562
427985.871305	0.933617	23.046875	-163.476562
427985.873305	0.933504	10.268548	0.045912
427986.881329	0.319899	129.101562	130.273437
427986.883332	0.684352	129.101562	130.273437
427986.885330	0.926537	129.101562	130.273437
427986.887330	0.932710	129.101562	130.273437
427986.889330	0.930635	10.236990	0.032766
427987.967390	0.934913	12.011719	-161.816406
427987.969394	0.931689	10.248582	0.039325
427988.979411	0.493192	130.468750	127.734375
427988.981411	0.837710	130.468750	127.734375
427988.985410	0.931598	130.468750	127.734375
427988.989411	0.928898	10.217874	0.031062
427990.029438	0.753652	23.046875	-163.281250
427990.031440	0.934557	23.046875	-163.281250
427990.033440	0.932490	10.257391	0.583618
427991.077447	0.649959	138.671875	125.585937
427991.081447	0.932631	138.671875	125.585937
427991.083449	0.930403	138.671875	125.585937
427991.085448	0.929064	10.219708	0.037793
427992.126016	0.648850	-36.425781	-163.378906
427992.130018	0.932841	-36.425781	-163.378906
427992.132020	0.930440	-36.425781	-163.378906
427992.134020	0.929198	10.221180	0.040407
427993.206066	0.415027	132.226562	130.371094
427993.208068	0.773839	132.226562	130.371094
427993.210067	0.935633	132.226562	130.371094
427993.212069	0.932833	10.261167	0.023944
427994.190090	0.592410	-7.421875	-175.390625
427994.192092	0.603865	-7.421875	-175.390625
427994.194092	0.933303	-7.421875	-175.390625
427994.196092	0.930835	10.239187	0.052267
427995.304162	0.585761	139.160156	136.816406
427995.306164	0.893624	139.160156	136.816406
427995.308166	0.933717	139.160156	136.816406
427995.310164	0.931108	10.242184	0.027944
427996.286704	0.496163	-42.773437	-185.937500
427996.288707	0.839707	-42.773437	-185.937500
427996.290707	0.934439	-42.773437	-185.937500
427996.292708	0.931382	10.245205	0.038123
427997.401266	0.577220	139.550781	149.414062
427997.403267	0.889672	139.550781	149.414062
427997.405269	0.934178	139.550781	149.414062
427997.407267	0.931591	10.247500	0.030638
427998.383338	0.401295	-94.433594	-195.996094
427998.385341	0.761338	-94.433594	-195.996094
427998.387341	0.935448	-94.433594	-195.996094
427998.389341	0.933069	10.263754	0.026749
427999.497917	0.487095	137.890625	163.867187
427999.499920	0.833246	137.890625	163.867187
427999.501920	0.935085	137.890625	163.867187
427999.503919	0.931802	10.249823	0.030746
428000.450881	0.904011	-63.867187	-216.796875
428000.452883	0.932496	-63.867187	-216.796875
428000.454884	0.930081	10.230892	0.043807
428001.562910	0.596994	137.304687	177.539062
428001.564913	0.898846	137.304687	177.539062
428001.566914	0.933754	137.304687	177.539062
428001.568913	0.931198	10.243176	0.047280
428002.544963	0.418095	-29.199219	-233.203125
428002.548963	0.935263	-29.199219	-233.203125
428002.550965	0.932472	-29.199219	-233.203125
428002.552965	0.930729	10.238018	0.046198
428003.660997	0.764606	125.976562	191.503906
428003.662999	0.935189	125.976562	191.503906
428003.664999	0.932625	10.258880	0.043974
428004.675038	0.448219	-91.406250	-226.660156
428004.677039	0.802712	-91.406250	-226.660156
428004.679040	0.936449	-91.406250	-226.660156
428004.681040	0.933314	10.266457	0.028123
428005.757107	0.578607	117.773437	196.972656
428005.759108	0.889846	117.773437	196.972656
428005.761109	0.933231	117.773437	196.972656
428005.763108	0.930698	10.237673	0.027619
428006.773155	0.620510	-70.312500	-231.738281
428006.775158	0.908158	-70.312500	-231.738281
428006.777157	0.933359	-70.312500	-231.738281
428006.779157	0.930932	10.240252	0.025864
428007.821189	0.523318	125.585937	196.093750
428007.823189	0.858424	125.585937	196.093750
428007.825190	0.934290	125.585937	196.093750
428007.827190	0.934139	10.275532	0.045378
428008.836090	0.357728	-7.324219	-244.238281
428008.838103	0.720387	-7.324219	-244.238281
428008.840106	0.727409	-7.324219	-244.238281
428008.842106	0.932945	10.262399	0.047995
428009.918133	0.487209	122.167969	198.632812
428009.920134	0.833456	122.167969	198.632812
428009.922135	0.935414	122.167969	198.632812
428009.924136	0.932169	10.253864	0.037799
428010.933083	0.326391	-7.031250	-244.433594
428010.935084	0.690550	-7.031250	-244.433594
428010.937084	0.927435	-7.031250	-244.433594
428010.941082	0.930237	-7.031250	-244.433594
428010.943086	0.929039	10.219425	0.043820
428012.017638	0.873952	122.265625	199.023437
428012.019641	0.933693	122.265625	199.023437
428012.023639	0.929488	10.224370	0.037579
428013.030575	0.390348	-41.699219	-237.304687
428013.032577	0.751185	-41.699219	-237.304687
428013.034577	0.936373	-41.699219	-237.304687
428013.036576	0.934701	10.281710	0.038566
428014.112656	0.524453	120.312500	198.046875
428014.114657	0.859153	120.312500	198.046875
428014.116659	0.934413	120.312500	198.046875
428014.120657	0.929944	10.229385	0.034224
428015.128708	0.568124	-85.546875	-227.148437
428015.130710	0.884696	-85.546875	-227.148437
428015.132709	0.933720	-85.546875	-227.148437
428015.134710	0.931089	10.241980	0.028322
428016.210772	0.696312	127.148437	191.796875
428016.212774	0.928942	127.148437	191.796875
428016.214773	0.932911	127.148437	191.796875
428016.216775	0.930785	10.238638	0.321435
428017.195336	0.904522	-39.648437	-229.882812
428017.197338	0.932780	-39.648437	-229.882812
428017.199339	0.930390	10.234286	0.042149
428018.307874	0.688607	132.421875	181.250000
428018.309874	0.926811	132.421875	181.250000
428018.311877	0.932022	132.421875	181.250000
428018.313875	0.929965	10.229616	0.294217
428019.291888	0.845709	-62.109375	-214.062500
428019.293889	0.934375	-62.109375	-214.062500
428019.295891	0.931291	10.244205	0.035411
428020.404413	0.578817	139.355469	166.503906
428020.406416	0.889855	139.355469	166.503906
428020.408417	0.933261	139.355469	166.503906
428020.410416	0.930746	10.238204	0.039432
428021.388970	0.836684	-108.203125	-191.503906
428021.390971	0.935003	-108.203125	-191.503906
428021.392973	0.931788	10.249672	0.029350
428022.501014	0.480280	137.500000	153.906250
428022.503017	0.828339	137.500000	153.906250
428022.505017	0.833715	137.500000	153.906250
428022.507016	0.932564	10.258206	0.029752
428023.487047	0.919790	-80.078125	-179.785156
428023.489049	0.932567	-80.078125	-179.785156
428023.491051	0.930362	10.233986	0.138179
428024.567590	0.852811	145.898437	139.062500
428024.569592	0.933994	145.898437	139.062500
428024.571592	0.931046	10.241501	0.039460
428025.582576	0.725838	-41.113281	-169.531250
428025.584574	0.932658	-41.113281	-169.531250
428025.586574	0.932364	10.256008	0.453686
428026.663110	0.580084	134.082031	135.449219
428026.665113	0.592181	134.082031	135.449219
428026.667114	0.933612	134.082031	135.449219
428026.669120	0.931011	10.241120	0.030374
428027.679164	0.623980	-20.312500	-161.816406
428027.681166	0.636222	-20.312500	-161.816406
428027.683166	0.933166	-20.312500	-161.816406
428027.685172	0.930701	10.237717	0.039636
428028.727192	0.528044	135.644531	130.566406
428028.729195	0.861010	135.644531	130.566406
428028.731195	0.933253	135.644531	130.566406
428028.733195	0.930469	10.235164	0.038795
428029.775276	0.438740	15.625000	-159.960937
428029.777278	0.794707	15.625000	-159.960937
428029.779278	0.936274	15.625000	-159.960937
428029.781277	0.933212	10.265332	0.044113
428030.823328	0.340254	127.832031	132.910156
428030.827330	0.930224	127.832031	132.910156
428030.829330	0.932946	127.832031	132.910156
428030.831333	0.930787	10.238656	0.027799
428031.873399	0.613267	41.992187	-159.179687
428031.875401	0.905307	41.992187	-159.179687
428031.877402	0.933307	41.992187	-159.179687
428031.879402	0.930896	10.239861	0.047637
428032.921506	2.256485	121.679687	135.058594
428032.923508	0.862423	121.679687	135.058594
428032.925508	0.933429	121.679687	135.058594
428032.927508	0.933282	10.266103	0.023034
428033.971582	0.793597	56.738281	-160.351562
428033.973585	0.935102	56.738281	-160.351562
428033.977591	0.930342	10.233765	0.044448
428034.986114	0.566281	126.953125	134.472656
428034.988115	0.883433	126.953125	134.472656
428034.990117	0.933162	126.953125	134.472656
428034.992117	0.930543	10.235970	0.037125
428036.066158	0.330342	46.875000	-158.789062
428036.068160	0.694274	46.875000	-158.789062
428036.070160	0.928685	46.875000	-158.789062
428036.072160	0.933040	46.875000	-158.789062
428036.074159	0.930896	10.239853	0.043667
428037.082725	0.471316	127.929687	134.472656
428037.084725	0.821983	127.929687	134.472656
428037.086728	0.939338	127.929687	134.472656
428037.088727	0.936292	10.299212	0.032337
428038.164817	0.604625	15.332031	-155.468750
428038.166819	0.902656	15.332031	-155.468750
428038.168819	0.935008	15.332031	-155.468750
428038.170818	0.932307	10.255379	0.037542
428039.180925	0.658434	127.734375	134.277344
428039.182928	0.920120	127.734375	134.277344
428039.184929	0.932555	127.734375	134.277344
428039.186929	0.930268	10.232948	0.142047
428040.228936	0.556669	49.023437	-158.007812
428040.230939	0.878225	49.023437	-158.007812
428040.232938	0.933326	49.023437	-158.007812
428040.234939	0.930734	10.238071	0.055509
428041.276971	0.461117	130.078125	133.691406
428041.278973	0.813170	130.078125	133.691406
428041.280974	0.935715	130.078125	133.691406
428041.282972	0.932526	10.257790	0.030471
428042.325014	0.360083	7.812500	-156.250000
428042.327019	0.722617	7.812500	-156.250000
428042.329025	0.933248	7.812500	-156.250000
428042.331030	0.933439	10.267831	0.045058
428043.375053	0.627952	133.691406	133.886719
428043.377054	0.910985	133.691406	133.886719
428043.379053	0.933485	133.691406	133.886719
428043.381054	0.931116	10.242271	0.033931
