crossing time (s)	slope (V/s)	crossing number
281474976710655.000000	3.872547	8144	431643983872.000000
281474976710655.000000	4.035344	8145	431644966912.000000
281474976710655.000000	4.229053	8146	431646081024.000000
281474976710655.000000	4.308434	8147	431647064064.000000
281474976710655.000000	4.218691	8148	431648178176.000000
281474976710655.000000	3.854171	8149	431649161216.000000
281474976710655.000000	4.584446	8150	431650242560.000000
281474976710655.000000	3.890153	8151	431651258368.000000
281474976710655.000000	4.545280	8152	431652339712.000000
281474976710655.000000	3.592594	8153	431653355520.000000
281474976710655.000000	4.780742	8154	431654404096.000000
281474976710655.000000	3.786110	8155	431655485440.000000
281474976710655.000000	4.611681	8156	431656501248.000000
281474976710655.000000	4.131001	8157	431657582592.000000
281474976710655.000000	4.057699	8158	431658565632.000000
281474976710655.000000	4.878294	8159	431659679744.000000
281474976710655.000000	3.678943	8160	431660662784.000000
281474976710655.000000	4.651426	8161	431661744128.000000
281474976710655.000000	3.249494	8162	431662792704.000000
281474976710655.000000	4.727424	8163	431663808512.000000
281474976710655.000000	3.619685	8164	431664889856.000000
281474976710655.000000	4.674260	8165	431665905664.000000
281474976710655.000000	4.019641	8166	431666987008.000000
281474976710655.000000	4.507151	8167	431667970048.000000
281474976710655.000000	4.652425	8168	431669084160.000000
281474976710655.000000	4.528167	8169	431670067200.000000
281474976710655.000000	4.443274	8170	431671181312.000000
281474976710655.000000	3.989171	8171	431672164352.000000
281474976710655.000000	4.908622	8172	431673245696.000000
281474976710655.000000	4.414045	8173	431674261504.000000
281474976710655.000000	4.687241	8174	431675342848.000000
281474976710655.000000	4.082487	8175	431676358656.000000
281474976710655.000000	4.834830	8176	431677440000.000000
281474976710655.000000	4.192839	8177	431678455808.000000
281474976710655.000000	4.767746	8178	431679504384.000000
281474976710655.000000	4.256665	8179	431680552960.000000
281474976710655.000000	4.797004	8180	431681601536.000000
281474976710655.000000	4.053562	8181	431682650112.000000
281474976710655.000000	4.877742	8182	431683698688.000000
281474976710655.000000	4.280677	8183	431684714496.000000
281474976710655.000000	4.830886	8184	431685795840.000000
281474976710655.000000	4.158568	8185	431686811648.000000
281474976710655.000000	4.953948	8186	431687892992.000000
281474976710655.000000	4.555712	8187	431688908800.000000
281474976710655.000000	4.669282	8188	431689957376.000000
281474976710655.000000	4.323344	8189	431691005952.000000
281474976710655.000000	4.858429	8190	431692054528.000000
281474976710655.000000	4.535187	8191	431693070336.000000
281474976710655.000000	4.801046	8192	431694151680.000000
281474976710655.000000	4.455451	8193	431695167488.000000
281474976710655.000000	4.845749	8194	431696248832.000000
281474976710655.000000	4.847416	8195	431697264640.000000
281474976710655.000000	4.575941	8196	431698345984.000000
281474976710655.000000	4.457654	8197	431699329024.000000
281474976710655.000000	4.365016	8198	431700443136.000000
281474976710655.000000	4.715938	8199	431701426176.000000
281474976710655.000000	4.740194	8200	431702507520.000000
281474976710655.000000	4.741978	8201	431703523328.000000
281474976710655.000000	4.329906	8202	431704604672.000000
281474976710655.000000	4.867720	8203	431705653248.000000
281474976710655.000000	4.498462	8204	431706669056.000000
281474976710655.000000	4.855198	8205	431707750400.000000
281474976710655.000000	4.835826	8206	431708766208.000000
281474976710655.000000	4.747287	8207	431709847552.000000
281474976710655.000000	4.794198	8208	431710863360.000000
281474976710655.000000	4.594779	8209	431711944704.000000
281474976710655.000000	4.726570	8210	431712960512.000000
281474976710655.000000	4.996847	8211	431714009088.000000
281474976710655.000000	4.819425	8212	431715057664.000000
281474976710655.000000	4.683595	8213	431716073472.000000
281474976710655.000000	4.933248	8214	431717154816.000000
281474976710655.000000	4.533940	8215	431718170624.000000
281474976710655.000000	5.121319	8216	431719251968.000000
281474976710655.000000	4.957333	8217	431720267776.000000
281474976710655.000000	5.017400	8218	431721349120.000000
281474976710655.000000	4.800149	8219	431722332160.000000
281474976710655.000000	5.091723	8220	431723446272.000000
281474976710655.000000	4.978681	8221	431724429312.000000
281474976710655.000000	4.981003	8222	431725510656.000000
281474976710655.000000	4.718994	8223	431726526464.000000
281474976710655.000000	5.088894	8224	431727607808.000000
281474976710655.000000	4.609956	8225	431728623616.000000
281474976710655.000000	5.231185	8226	431729672192.000000
281474976710655.000000	4.607054	8227	431730720768.000000
281474976710655.000000	5.122361	8228	431731769344.000000
281474976710655.000000	4.728592	8229	431732850688.000000
281474976710655.000000	5.118498	8230	431733833728.000000
281474976710655.000000	4.967583	8231	431734947840.000000
281474976710655.000000	5.017953	8232	431735930880.000000
281474976710655.000000	5.080182	8233	431737012224.000000
281474976710655.000000	4.844333	8234	431738028032.000000
281474976710655.000000	5.030799	8235	431739109376.000000
281474976710655.000000	4.680727	8236	431740125184.000000
281474976710655.000000	5.041168	8237	431741173760.000000
281474976710655.000000	4.620652	8238	431742255104.000000
281474976710655.000000	5.010751	8239	431743270912.000000
281474976710655.000000	4.849637	8240	431744352256.000000
281474976710655.000000	4.950322	8241	431745335296.000000
281474976710655.000000	5.132698	8242	431746449408.000000
281474976710655.000000	5.158471	8243	431747432448.000000
281474976710655.000000	5.214563	8244	431748546560.000000
281474976710655.000000	4.975060	8245	431749529600.000000
281474976710655.000000	5.131288	8246	431750610944.000000
281474976710655.000000	5.098960	8247	431751626752.000000
281474976710655.000000	5.289614	8248	431752708096.000000
281474976710655.000000	5.028701	8249	431753691136.000000
281474976710655.000000	5.034814	8250	431754805248.000000
281474976710655.000000	5.124945	8251	431755788288.000000
281474976710655.000000	5.321566	8252	431756902400.000000
281474976710655.000000	5.159991	8253	431757885440.000000
281474976710655.000000	5.130426	8254	431758999552.000000
281474976710655.000000	5.044083	8255	431759982592.000000
281474976710655.000000	5.310116	8256	431761063936.000000
281474976710655.000000	5.130857	8257	431762079744.000000
281474976710655.000000	5.270586	8258	431763161088.000000
281474976710655.000000	5.016115	8259	431764176896.000000
281474976710655.000000	5.246432	8260	431765258240.000000
281474976710655.000000	5.033076	8261	431766274048.000000
281474976710655.000000	5.211520	8262	431767322624.000000
281474976710655.000000	4.911435	8263	431768371200.000000
281474976710655.000000	5.116059	8264	431769419776.000000
281474976710655.000000	5.001449	8265	431770468352.000000
281474976710655.000000	5.349584	8266	431771484160.000000
281474976710655.000000	5.032957	8267	431772565504.000000
281474976710655.000000	5.371354	8268	431773581312.000000
281474976710655.000000	5.254430	8269	431774662656.000000
281474976710655.000000	5.378211	8270	431775645696.000000
281474976710655.000000	5.242675	8271	431776759808.000000
281474976710655.000000	5.274230	8272	431777742848.000000
281474976710655.000000	5.413828	8273	431778824192.000000
281474976710655.000000	5.215245	8274	431779872768.000000
281474976710655.000000	5.344473	8275	431780921344.000000
281474976710655.000000	5.233086	8276	431781969920.000000
281474976710655.000000	5.254772	8277	431782985728.000000
281474976710655.000000	5.191693	8278	431784067072.000000
281474976710655.000000	5.367810	8279	431785082880.000000
281474976710655.000000	5.289322	8280	431786164224.000000
281474976710655.000000	5.352688	8281	431787180032.000000
281474976710655.000000	5.264949	8282	431788261376.000000
281474976710655.000000	5.526579	8283	431789277184.000000
281474976710655.000000	5.188272	8284	431790325760.000000
281474976710655.000000	5.350238	8285	431791374336.000000
281474976710655.000000	5.325544	8286	431792422912.000000
281474976710655.000000	5.259768	8287	431793471488.000000
281474976710655.000000	5.418962	8288	431794487296.000000
281474976710655.000000	5.234176	8289	431795568640.000000
281474976710655.000000	5.548364	8290	431796584448.000000
281474976710655.000000	5.163484	8291	431797665792.000000
281474976710655.000000	5.455636	8292	431798648832.000000
281474976710655.000000	5.262409	8293	431799762944.000000
281474976710655.000000	5.579520	8294	431800745984.000000
281474976710655.000000	5.274597	8295	431801860096.000000
281474976710655.000000	5.508027	8296	431802843136.000000
281474976710655.000000	5.199069	8297	431803924480.000000
281474976710655.000000	5.480101	8298	431804940288.000000
281474976710655.000000	5.206596	8299	431806021632.000000
281474976710655.000000	5.590899	8300	431807070208.000000
281474976710655.000000	5.197698	8301	431808086016.000000
281474976710655.000000	5.517133	8302	431809167360.000000
281474976710655.000000	5.276985	8303	431810183168.000000
281474976710655.000000	5.440916	8304	431811264512.000000
281474976710655.000000	5.227952	8305	431812247552.000000
281474976710655.000000	5.636384	8306	431813361664.000000
281474976710655.000000	5.393043	8307	431814344704.000000
281474976710655.000000	5.444690	8308	431815426048.000000
281474976710655.000000	5.164387	8309	431816441856.000000
281474976710655.000000	5.643238	8310	431817523200.000000
281474976710655.000000	5.387210	8311	431818539008.000000
281474976710655.000000	5.590413	8312	431819620352.000000
281474976710655.000000	5.210412	8313	431820636160.000000
281474976710655.000000	5.689776	8314	431821717504.000000
281474976710655.000000	5.255126	8315	431822700544.000000
281474976710655.000000	5.669573	8316	431823814656.000000
281474976710655.000000	5.224625	8317	431824797696.000000
281474976710655.000000	5.632097	8318	431825879040.000000
281474976710655.000000	5.165310	8319	431826894848.000000
281474976710655.000000	5.661322	8320	431827976192.000000
281474976710655.000000	5.155501	8321	431829024768.000000
281474976710655.000000	5.790296	8322	431830040576.000000
281474976710655.000000	5.238701	8323	431831121920.000000
281474976710655.000000	5.811496	8324	431832137728.000000
281474976710655.000000	5.333387	8325	431833219072.000000
281474976710655.000000	5.649113	8326	431834202112.000000
281474976710655.000000	5.468554	8327	431835316224.000000
281474976710655.000000	5.510376	8328	431836299264.000000
281474976710655.000000	5.681997	8329	431837380608.000000
281474976710655.000000	5.452385	8330	431838396416.000000
281474976710655.000000	5.805099	8331	431839477760.000000
281474976710655.000000	5.428303	8332	431840493568.000000
281474976710655.000000	5.607854	8333	431841542144.000000
281474976710655.000000	5.450063	8334	431842590720.000000
281474976710655.000000	5.589830	8335	431843639296.000000
281474976710655.000000	5.521051	8336	431844687872.000000
281474976710655.000000	5.498546	8337	431845736448.000000
281474976710655.000000	5.462681	8338	431846785024.000000
281474976710655.000000	5.762859	8339	431847833600.000000
281474976710655.000000	5.402185	8340	431848882176.000000
281474976710655.000000	5.621024	8341	431849930752.000000
281474976710655.000000	5.550085	8342	431850946560.000000
281474976710655.000000	5.734504	8343	431852027904.000000
281474976710655.000000	5.512303	8344	431853043712.000000
281474976710655.000000	5.746662	8345	431854125056.000000
281474976710655.000000	5.671642	8346	431855140864.000000
281474976710655.000000	5.635160	8347	431856222208.000000
281474976710655.000000	5.688257	8348	431857205248.000000
281474976710655.000000	5.487109	8349	431858319360.000000
281474976710655.000000	5.768267	8350	431859302400.000000
281474976710655.000000	5.433677	8351	431860383744.000000
281474976710655.000000	5.840618	8352	431861399552.000000
281474976710655.000000	5.472156	8353	431862480896.000000
281474976710655.000000	5.948658	8354	431863496704.000000
281474976710655.000000	5.430968	8355	431864545280.000000
281474976710655.000000	5.932261	8356	431865593856.000000
281474976710655.000000	5.372491	8357	431866642432.000000
281474976710655.000000	5.994879	8358	431867691008.000000
281474976710655.000000	5.423429	8359	431868739584.000000
281474976710655.000000	5.830388	8360	431869788160.000000
281474976710655.000000	5.456133	8361	431870803968.000000
281474976710655.000000	5.866840	8362	431871885312.000000
281474976710655.000000	5.448918	8363	431872901120.000000
281474976710655.000000	5.795900	8364	431873982464.000000
281474976710655.000000	5.417297	8365	431874998272.000000
281474976710655.000000	5.976924	8366	431876079616.000000
281474976710655.000000	5.445003	8367	431877095424.000000
281474976710655.000000	6.016960	8368	431878176768.000000
281474976710655.000000	5.389729	8369	431879192576.000000
281474976710655.000000	6.008163	8370	431880241152.000000
281474976710655.000000	5.374278	8371	431881289728.000000
281474976710655.000000	5.902658	8372	431882338304.000000
281474976710655.000000	5.331742	8373	431883386880.000000
281474976710655.000000	6.161098	8374	431884435456.000000
281474976710655.000000	5.423794	8375	431885484032.000000
281474976710655.000000	6.024181	8376	431886499840.000000
281474976710655.000000	5.471394	8377	431887581184.000000
281474976710655.000000	6.107568	8378	431888596992.000000
281474976710655.000000	5.611307	8379	431889678336.000000
281474976710655.000000	5.898532	8380	431890661376.000000
281474976710655.000000	5.726493	8381	431891775488.000000
281474976710655.000000	5.776627	8382	431892758528.000000
281474976710655.000000	5.833160	8383	431893839872.000000
281474976710655.000000	5.593614	8384	431894855680.000000
281474976710655.000000	5.977479	8385	431895937024.000000
281474976710655.000000	5.683219	8386	431896952832.000000
281474976710655.000000	5.917400	8387	431898034176.000000
281474976710655.000000	5.621412	8388	431899049984.000000
281474976710655.000000	5.771781	8389	431900098560.000000
281474976710655.000000	5.671954	8390	431901147136.000000
281474976710655.000000	5.788951	8391	431902195712.000000
281474976710655.000000	5.653145	8392	431903244288.000000
281474976710655.000000	5.919388	8393	431904292864.000000
281474976710655.000000	5.732573	8394	431905341440.000000
281474976710655.000000	6.006670	8395	431906390016.000000
281474976710655.000000	5.714307	8396	431907405824.000000
281474976710655.000000	6.089680	8397	431908487168.000000
281474976710655.000000	5.723744	8398	431909502976.000000
281474976710655.000000	5.849953	8399	431910584320.000000
281474976710655.000000	5.875818	8400	431911600128.000000
281474976710655.000000	5.759227	8401	431912681472.000000
281474976710655.000000	5.949826	8402	431913664512.000000
281474976710655.000000	5.742855	8403	431914778624.000000
281474976710655.000000	6.145736	8404	431915761664.000000
281474976710655.000000	5.694745	8405	431916843008.000000
281474976710655.000000	6.117146	8406	431917858816.000000
281474976710655.000000	5.618259	8407	431918940160.000000
281474976710655.000000	6.215489	8408	431919955968.000000
281474976710655.000000	5.660226	8409	431921004544.000000
281474976710655.000000	6.321364	8410	431922053120.000000
281474976710655.000000	5.633411	8411	431923101696.000000
281474976710655.000000	6.211047	8412	431924150272.000000
281474976710655.000000	5.583539	8413	431925198848.000000
281474976710655.000000	6.116303	8414	431926247424.000000
