time (s)	coil I (A)	last det (V)	int current (uC)
367490.372241	0.214303	184.863281	-90.429687
367490.374244	0.213650	2.350150	0.555604
367491.452358	0.214818	508.300781	-13.964844
367491.454360	0.214340	2.357736	0.427804
367492.468381	0.214302	178.906250	-118.359375
367492.470380	0.213495	2.348440	0.439074
367493.552415	0.213337	494.433594	-10.644531
367493.558415	0.212283	2.335111	0.423931
367494.565017	0.212562	173.144531	-146.191406
367494.567019	0.214196	2.356159	0.447782
367495.647007	0.214991	489.941406	-10.449219
367495.649010	0.214149	2.355636	0.413979
367496.666014	0.212885	179.394531	-126.660156
367496.668017	0.212407	2.336476	0.435355
367497.710601	0.210103	504.394531	-13.867187
367497.712600	0.214213	504.394531	-13.867187
367497.714600	0.213594	2.349530	0.425635
367498.760572	0.214201	167.871094	-183.886719
367498.762575	0.213420	2.347625	0.416003
367499.812575	0.212522	515.136719	-16.894531
367499.814578	0.212120	2.333321	0.448293
367500.857536	0.214670	165.136719	-200.878906
367500.859537	0.213907	2.352977	0.412490
367501.905552	0.217657	508.789062	-15.722656
367501.907553	0.216792	2.384713	0.440472
367502.921565	0.214108	189.648437	-92.187500
367502.923566	0.213287	2.346153	0.465791
367504.004114	0.213514	501.855469	-14.550781
367504.006115	0.212853	2.341385	0.764213
367505.018124	0.213034	185.449219	-112.988281
367505.020125	0.213484	2.348325	0.473613
367506.100130	1.459495	489.550781	-13.183594
367506.102132	0.213846	2.352304	0.423615
367507.116672	0.213657	183.496094	-120.410156
367507.118673	0.212934	2.342272	0.543069
367508.196786	0.215128	479.101562	-11.718750
367508.198789	0.214746	2.362203	0.414652
367509.216896	0.213169	176.660156	-150.488281
367509.218897	0.212794	2.340739	0.444022
367510.263456	0.213448	517.480469	-21.972656
367510.265458	0.212917	2.342086	0.454423
367511.309438	0.211792	166.699219	-195.214844
367511.313438	0.213088	2.343964	0.429625
367512.361461	0.213012	493.750000	-16.113281
367512.363463	0.212596	2.338558	0.499100
367513.373493	0.202835	193.261719	-86.523437
367513.377495	0.213476	193.261719	-86.523437
367513.379497	0.213043	2.343468	0.480982
367514.457509	0.213260	498.828125	-17.773437
367514.459512	0.212652	2.339170	0.455028
367515.472046	0.214107	180.273437	-139.550781
367515.474047	0.213300	2.346295	0.487380
367516.554148	0.213794	494.531250	-17.187500
367516.556152	0.213166	2.344824	0.438855
367517.570688	0.213348	182.812500	-133.007812
367517.572687	0.212820	2.341022	0.485074
367518.651272	0.213605	481.933594	-14.550781
367518.653274	0.212896	2.341855	0.670922
367519.665846	0.214213	175.390625	-165.234375
367519.667848	0.213372	2.347093	0.471295
367520.713885	0.212427	508.007812	-20.898437
367520.715887	0.214067	2.354741	0.454517
367521.761920	0.193725	167.285156	-198.535156
367521.765921	0.213748	167.285156	-198.535156
367521.767923	0.213301	2.346313	0.449986
367522.813988	0.213092	506.152344	-20.214844
367522.815990	0.212520	2.337725	0.470735
367523.828506	0.214351	182.519531	-131.835937
367523.830509	0.213814	2.351958	0.664396
367524.908515	0.214892	502.832031	-19.335937
367524.910514	0.214396	2.358357	0.476921
367525.926525	0.212832	193.164062	-99.707031
367525.928528	0.212279	2.335067	0.502396
367527.005494	0.213926	481.250000	-13.183594
367527.007499	0.214081	2.354892	0.459101
367528.021545	0.216984	187.109375	-124.707031
367528.023548	0.216215	2.378368	0.507368
367529.104086	0.213751	478.320312	-11.914062
367529.106088	0.213026	2.343282	0.579611
367530.126135	0.212471	182.226562	-146.875000
367530.128138	0.212244	2.334686	0.759175
367531.200710	0.214452	480.273437	-11.132812
367531.204712	0.213141	2.344549	0.410226
367532.218721	0.213361	180.273437	-153.417969
367532.220724	0.212802	2.340818	0.455813
367533.263708	0.204063	501.660156	-14.941406
367533.265711	0.213707	501.660156	-14.941406
367533.267712	0.213034	2.343371	0.475762
367534.313744	0.214328	168.457031	-208.789062
367534.315746	0.213616	2.349778	0.434390
367535.361810	0.215240	489.550781	-11.718750
367535.363813	0.214460	2.359057	0.484099
367536.409816	0.212399	163.183594	-234.570312
367536.411818	0.213203	2.345232	0.425366
367537.459792	0.214848	480.078125	-9.277344
367537.461793	0.214251	2.356761	0.472015
367538.475809	0.213225	188.378906	-126.757812
367538.477813	0.212507	2.337575	0.681654
367539.557854	0.213318	487.988281	-10.156250
367539.559855	0.212768	2.340446	0.453967
367540.573918	0.213744	188.867187	-120.800781
367540.575920	0.213255	2.345808	0.485429
367541.652486	0.210383	471.093750	-7.128906
367541.656485	0.214021	471.093750	-7.128906
367541.658486	0.213615	2.349760	0.445083
367542.668558	0.213553	179.003906	-160.839844
367542.670559	0.213892	2.352809	0.471459
367543.750646	0.215641	455.078125	-4.296875
367543.752649	0.214899	2.363887	0.436411
367544.768691	0.214384	169.042969	-207.031250
367544.770694	0.213919	2.353110	0.458218
367545.814717	0.214111	497.949219	-12.304687
367545.816719	0.213264	2.345905	0.481495
367546.863315	0.216121	168.554687	-212.988281
367546.865317	0.215368	2.369045	0.447507
367547.911373	0.212744	479.882812	-8.496094
367547.913375	0.213776	2.351533	0.478973
367548.961384	0.215295	161.816406	-248.144531
367548.963386	0.214648	2.361131	0.436714
367550.009398	0.213943	475.390625	-7.324219
367550.011401	0.213179	2.344966	0.465893
367551.025412	0.213496	185.449219	-137.402344
367551.027413	0.212764	2.340402	0.484875
367552.107464	0.215261	463.964844	-4.687500
367552.109465	0.214732	2.362052	0.469169
367553.123456	0.213532	184.570312	-144.335937
367553.125459	0.212881	2.341687	0.480802
367554.203523	0.216157	466.699219	-4.589844
367554.205523	0.215324	2.368566	0.447104
367555.219557	0.213541	179.101562	-170.507812
367555.221559	0.212769	2.340464	0.470770
367556.303603	0.212865	446.191406	-1.660156
367556.305614	0.212475	2.337220	0.443822
367557.317652	0.219965	169.238281	-220.312500
367557.319655	0.219332	2.412647	0.460389
367558.367643	0.213621	494.042969	-10.449219
367558.369647	0.213196	2.345152	0.478947
367559.414203	0.385291	165.917969	-241.308594
367559.416204	0.215153	2.366687	0.442949
367560.462209	0.215664	477.050781	-7.031250
367560.464209	0.214946	2.364401	0.484168
367561.480229	0.212977	192.871094	-124.511719
367561.482230	0.212467	2.337141	0.513333
367562.558861	0.214175	477.148437	-7.031250
367562.560863	0.213840	2.352242	0.473210
367563.576916	0.212671	189.843750	-137.792969
367563.578916	0.212124	2.333365	0.503509
367564.657503	0.213931	475.488281	-7.128906
367564.659506	0.213264	2.345905	0.461908
367565.674499	0.213396	174.316406	-203.417969
367565.676501	0.212958	2.342538	0.485780
367566.754499	0.214585	465.722656	-5.761719
367566.756499	0.213959	2.353553	0.575348
367567.768537	0.210147	178.417969	-191.113281
367567.770540	0.215742	178.417969	-191.113281
367567.772541	0.215158	2.366740	0.476577
367568.818621	0.213444	485.156250	-10.644531
367568.820622	0.212703	2.339737	0.493715
367569.866696	0.213868	167.187500	-238.281250
367569.868703	0.213039	2.343433	0.448412
367570.916778	0.213483	488.476562	-12.402344
367570.918785	0.212962	2.342582	0.498450
367571.963337	0.214093	167.480469	-239.160156
367571.965339	0.213621	2.349831	0.430946
367573.011377	0.207061	470.117187	-9.375000
367573.013379	0.213607	470.117187	-9.375000
367573.015378	0.212974	2.342715	0.491346
367574.027434	0.213414	185.351562	-163.671875
367574.029437	0.214701	2.361707	0.524461
367575.109487	0.213448	458.105469	-7.519531
367575.111491	0.212530	2.337832	0.474516
367576.125471	0.213819	181.445312	-181.445312
367576.127472	0.213000	2.342998	0.520376
367577.209549	0.214026	450.195312	-7.324219
367577.211554	0.213544	2.348980	0.619861
367578.223563	0.214784	173.730469	-216.210937
367578.225566	0.214187	173.730469	-216.210937
367578.227566	0.213822	2.352047	0.509508
367579.271587	0.214401	498.437500	-17.871094
367579.273589	0.213693	2.350620	0.495126
367580.319572	0.214803	179.980469	-187.207031
367580.321577	0.213918	2.353093	0.475193
367581.367589	0.213276	476.562500	-12.402344
367581.369591	0.213579	2.349370	0.509332
367582.417719	0.214057	175.781250	-204.101562
367582.419722	0.213444	2.347882	0.449616
367583.465745	0.213876	479.980469	-12.792969
367583.467748	0.213084	2.343920	0.504204
367584.482270	0.216074	193.945312	-139.160156
367584.484270	0.215402	2.369426	0.535337
367585.564836	0.216141	466.406250	-10.253906
367585.566838	0.215684	2.372528	0.493117
367586.582844	0.213221	178.320312	-203.515625
367586.584846	0.213204	2.345249	0.535601
367587.658891	0.212228	464.843750	-9.472656
367587.660892	0.213943	2.353376	0.473444
367588.676911	0.213177	174.218750	-221.093750
367588.678913	0.212621	2.338833	0.529459
367589.756950	0.215598	455.175781	-7.519531
367589.758951	0.214739	2.362132	0.441583
367590.773005	0.214176	176.367187	-214.550781
367590.775008	0.213520	2.348723	0.501805
367591.823065	0.213536	491.113281	-14.550781
367591.825067	0.213055	2.343610	0.497617
367592.869134	0.214293	168.847656	-244.628906
367592.871135	0.214804	2.362841	0.464400
367593.919161	0.213640	472.753906	-9.765625
367593.921162	0.212968	2.342644	0.636335
367594.967218	0.215033	162.695312	-270.605469
367594.969222	0.214359	2.357949	0.435374
367596.017292	0.216492	464.453125	-8.300781
367596.019293	0.216009	2.376099	0.517018
367597.031330	0.217942	187.304687	-174.218750
367597.033331	0.217048	2.387523	0.545052
367598.115390	0.213806	455.664062	-6.445312
367598.117394	0.213366	2.347031	0.581922
367599.129447	0.214904	182.519531	-194.726562
367599.131451	0.214283	2.357116	0.746694
367600.209547	0.215650	453.515625	-4.882812
367600.211548	0.214898	2.363878	0.467589
367601.227648	0.213661	186.132812	-181.445312
367601.229648	0.213118	2.344301	0.517908
367602.308212	0.214979	451.757812	-3.320312
367602.310216	0.214367	2.358038	0.444182
367603.324809	0.213553	181.347656	-201.855469
367603.326811	0.212925	2.342174	0.487283
367604.373363	0.214568	465.527344	-5.078125
367604.375364	0.214075	2.354821	0.527802
367605.423425	0.213160	177.832031	-219.628906
367605.425428	0.212742	2.340163	0.461054
367606.469962	0.214113	470.117187	-5.761719
367606.471964	0.213497	2.348466	0.519007
367607.518001	0.213748	174.121094	-237.792969
367607.520003	0.213093	2.344018	0.630985
367608.568019	0.213728	464.648437	-4.492187
367608.570020	0.213217	2.345391	0.501218
367609.582627	0.214303	184.863281	-190.820312
367609.584630	0.214281	2.357090	0.533991
367610.664634	0.213509	444.726562	-1.269531
367610.666634	0.212967	2.342635	0.483122
367611.678635	0.215601	184.960937	-187.792969
367611.680637	0.214778	2.362557	0.517604
367612.762630	0.214648	451.660156	-1.562500
367612.764633	0.214142	2.355565	0.523551
367613.775237	0.214864	183.789062	-194.140625
367613.777236	0.214697	2.361662	0.499206
367614.857801	0.215611	448.632812	-0.878906
367614.859802	0.214991	2.364906	0.464282
367615.872747	0.214407	179.785156	-214.648437
367615.874750	0.213527	2.348794	0.496035
367616.921326	0.215126	469.140625	-4.882812
367616.923328	0.215101	2.366111	0.521984
367617.969432	0.215091	167.773437	-268.750000
367617.971434	0.215543	2.370968	0.461743
367619.019493	0.213452	473.730469	-5.957031
367619.021494	0.212746	2.340207	0.516897
367620.068391	0.213752	165.332031	-282.324219
367620.070395	0.213188	2.345072	0.440958
367621.116469	0.213973	451.367187	-2.539062
367621.118470	0.213296	2.346260	0.530099
367622.132515	0.213991	192.480469	-165.039062
367622.134518	0.213399	2.347385	0.706942
367623.213490	0.214216	441.503906	-0.878906
367623.215492	0.213540	2.348945	0.488582
367624.229541	0.214250	178.710937	-220.703125
367624.231541	0.213559	2.349149	0.520769
367625.311615	0.214678	427.148437	1.074219
367625.313619	0.214261	2.356868	0.463462
367626.325603	0.216172	177.636719	-229.492187
367626.327606	0.215451	2.369958	0.497051
367627.373604	0.209863	463.867187	-4.101562
367627.375604	0.213321	2.346534	0.537478
367628.425600	0.212804	179.296875	-226.171875
367628.427602	0.212384	2.336228	0.474082
367629.472585	0.213412	460.058594	-3.417969
367629.474589	0.212747	2.340216	0.725038
367630.520590	0.213455	163.574219	-296.777344
367630.522592	0.212769	2.340455	0.451084
367631.570569	0.218361	468.066406	-5.859375
367631.572572	0.217785	2.395632	0.510976
367632.588580	0.213616	183.007812	-214.648437
367632.590581	0.213247	2.345719	0.555735
367633.666606	0.215555	455.859375	-3.808594
367633.668604	0.214928	2.364206	0.506906
367634.683172	0.213620	193.457031	-178.222656
367634.685174	0.213053	2.343583	0.994141
367635.762096	0.206823	441.406250	-2.148437
367635.764098	0.213485	441.406250	-2.148437
367635.766096	0.212855	2.341403	0.477899
367636.778092	0.213169	175.585937	-245.800781
367636.780093	0.215498	2.370481	0.529698
367637.860109	0.215203	424.804687	-0.390625
367637.862111	0.214395	2.358348	0.460312
367638.876148	0.214465	173.828125	-255.078125
367638.878149	0.213735	2.351081	0.496345
367639.924206	0.214228	460.156250	-6.445312
367639.926208	0.213674	2.350416	0.539368
367640.974222	0.214787	162.988281	-299.414062
367640.976225	0.214220	2.356425	0.470152
367642.022230	0.215192	465.429687	-7.812500
367642.024232	0.214460	2.359057	0.541170
367643.070792	0.214079	156.347656	-325.781250
367643.072795	0.213422	2.347642	0.435832
367644.120851	0.214075	440.332031	-3.613281
367644.122853	0.213623	2.349858	0.525078
367645.136855	0.215660	183.886719	-214.941406
367645.138857	0.215273	2.367999	0.564674
367646.216929	0.214795	450.976562	-5.859375
367646.218931	0.214152	2.355671	0.502968
367647.231470	0.215125	190.136719	-195.410156
367647.233471	0.214589	2.360475	0.557336
367648.313536	0.213972	424.414062	-2.636719
367648.315538	0.213242	2.345657	0.475339
367649.329544	0.213745	173.339844	-259.570312
367649.331545	0.213039	2.343433	0.532502
367650.377603	0.214917	460.253906	-8.398437
367650.379606	0.214122	2.355344	0.534315
367651.425622	0.213795	166.992187	-285.839844
367651.427624	0.213829	2.352118	0.494993
367652.475666	0.213533	460.742187	-8.203125
367652.477668	0.212898	2.341882	0.714188
367653.525686	0.213933	157.031250	-326.171875
367653.527687	0.213495	2.348440	0.455948
367654.571706	0.214718	462.207031	-8.496094
367654.573707	0.213950	2.353447	0.547860
367655.590650	0.218494	195.996094	-177.539062
367655.592653	0.218021	2.398228	0.575260
367656.669208	0.214306	453.027344	-6.347656
367656.671210	0.213499	2.348493	0.525783
367657.686159	0.215402	194.726562	-185.742187
367657.688161	0.214848	2.363328	0.576098
367658.766223	0.214158	446.777344	-4.980469
367658.768226	0.213285	2.346136	0.491911
367659.781204	0.212552	187.988281	-210.058594
367659.783208	0.215213	2.367343	0.555389
367660.865820	0.212736	423.339844	-0.976562
367660.867822	0.212274	2.335013	0.453574
367661.877871	0.191611	178.515625	-245.800781
367661.881869	0.214096	178.515625	-245.800781
367661.883872	0.212939	2.342334	0.522022
367662.927884	0.213981	467.578125	-7.128906
367662.929886	0.213200	2.345196	0.552791
367663.978829	0.213822	169.238281	-286.328125
367663.980831	0.213362	2.346986	0.475907
367665.026865	0.214232	440.625000	-1.367187
367665.028867	0.213792	2.351710	0.552696
367666.072894	0.215128	170.117187	-285.351562
367666.074894	0.215338	2.368717	0.445274
367667.121422	0.213984	444.140625	-1.660156
367667.123425	0.214388	2.358268	0.540014
367668.137506	0.215460	191.308594	-204.980469
367668.139508	0.214777	2.362549	0.573827
367669.219571	0.214443	445.019531	-1.171875
367669.221573	0.214419	2.358614	0.510024
367670.236126	0.214333	190.332031	-206.738281
367670.238128	0.213851	2.352357	0.819994
367671.316663	0.213370	437.890625	0.976562
367671.318665	0.212562	2.338186	0.485876
367672.333580	0.342265	189.550781	-209.472656
367672.335582	0.213482	2.348307	0.529472
367673.414548	0.215690	429.199219	2.441406
367673.416549	0.215161	2.366767	0.462291
367674.433096	0.212280	184.667969	-231.250000
367674.435100	0.211829	2.330121	0.501518
367675.478014	0.216090	450.585937	-0.683594
367675.480015	0.215286	2.368141	0.553002
367676.526028	0.214680	164.257812	-314.746094
367676.528031	0.214280	2.357081	0.477221
367677.578019	0.212999	436.523437	1.953125
367677.580018	0.212587	2.338452	0.740880
367678.624016	0.213756	171.093750	-290.429687
367678.626017	0.212972	2.342697	0.444155
367679.672970	0.214439	434.863281	1.660156
367679.674972	0.213779	2.351568	0.607606
367680.689003	0.214054	194.238281	-194.140625
367680.691010	0.213442	2.347864	0.558345
367681.771591	0.214722	419.628906	3.710937
367681.773591	0.214228	2.356514	0.503094
367682.785569	0.213929	179.882812	-253.125000
367682.789570	0.212802	2.340827	0.541100
367683.867628	0.215956	432.031250	2.832031
367683.869630	0.215293	2.368220	0.478273
367684.882200	0.215508	181.640625	-246.875000
367684.884203	0.214615	2.360767	0.516081
367685.934208	0.214187	462.207031	-2.246094
367685.936211	0.213789	2.351683	0.562845
367686.980803	0.215199	171.093750	-291.699219
367686.982805	0.214581	2.360395	0.491377
367688.026824	0.196780	458.593750	-1.953125
367688.030824	0.212821	458.593750	-1.953125
367688.032827	0.212427	2.336697	0.548968
367689.076841	0.214617	175.097656	-279.687500
367689.078843	0.213820	2.352020	0.469044
367690.127371	0.213570	447.167969	0.097656
367690.129377	0.213119	2.344310	0.537476
367691.173907	0.215335	158.496094	-350.195312
367691.175909	0.214537	2.359908	0.427827
367692.221944	0.216297	427.441406	2.929687
367692.223946	0.215714	2.372856	0.523318
367693.237981	0.214626	183.593750	-246.289062
367693.239980	0.213822	2.352047	0.574314
367694.320010	0.214356	417.089844	4.199219
367694.322012	0.213689	2.350576	0.480888
367695.336010	0.213953	184.472656	-242.968750
367695.338012	0.213254	2.345799	0.596787
367696.416054	1.421386	421.093750	3.222656
367696.418055	0.214357	2.357931	0.461822
367697.434113	0.213511	180.468750	-260.839844
367697.436115	0.212943	2.342369	1.063871
367698.480633	0.214179	441.601562	0.097656
367698.482635	0.213650	2.350150	0.561717
367699.530638	0.213766	174.707031	-283.886719
367699.532641	0.213132	2.344452	0.483880
367700.579241	0.215142	435.156250	0.390625
367700.581239	0.214556	2.360120	0.559664
367701.629248	0.213705	169.433594	-303.222656
367701.631250	0.213182	2.345001	0.443646
367702.675824	0.213943	436.328125	-0.878906
367702.677826	0.213235	2.345586	0.540322
367703.691884	0.214087	191.210937	-220.703125
367703.693886	0.213415	2.347563	0.659256
367704.773959	0.213467	417.968750	0.781250
367704.775960	0.212981	2.342795	0.996480
367705.787949	0.215270	182.519531	-250.292969
367705.791947	0.214143	2.355574	0.576023
367706.871993	0.214515	410.449219	1.171875
367706.873996	0.214143	2.355574	0.480063
367707.886005	0.214017	175.683594	-279.882812
367707.888006	0.213285	2.346136	0.543841
367708.934046	0.214442	461.523437	-6.933594
367708.936046	0.213599	2.349592	0.563393
367709.983013	0.214602	173.828125	-286.621094
367709.985016	0.213878	2.352658	0.505202
367711.031072	0.215130	438.378906	-2.832031
367711.033073	0.214291	2.357205	0.571493
367712.079054	0.213109	161.621094	-333.789062
367712.081056	0.214144	2.355583	0.470606
367713.129074	0.213426	443.066406	-3.906250
367713.131077	0.212713	2.339843	0.622600
367714.177624	0.214038	154.394531	-361.425781
367714.179625	0.213339	2.346729	0.496787
367715.225667	0.214757	422.167969	-0.781250
367715.227672	0.213984	2.353819	0.535379
367716.241672	0.214300	196.093750	-208.789062
367716.243675	0.213596	2.349556	0.595472
367717.321652	0.207499	418.554687	0.390625
367717.323654	0.214278	418.554687	0.390625
367717.325656	0.213670	2.350372	0.505799
367718.337741	0.213060	180.859375	-264.257812
367718.339744	0.214133	2.355468	0.559621
367719.423774	0.214266	404.589844	1.855469
367719.425777	0.214005	2.354059	0.468032
367720.435788	0.214566	168.457031	-313.281250
367720.437792	0.214544	2.359979	0.543365
367721.483785	0.214225	452.539062	-4.589844
367721.485788	0.213585	2.349432	0.578957
367722.536341	0.214314	175.976562	-283.691406
367722.538343	0.213885	2.352738	0.497867
367723.582908	0.214989	433.593750	-0.781250
367723.584912	0.214433	2.358764	0.574460
367724.630961	0.216043	155.566406	-365.527344
367724.632964	0.215406	2.369461	0.713053
367725.678983	0.214335	444.433594	-1.855469
367725.680984	0.213584	2.349424	0.562243
367726.725966	0.203986	160.253906	-350.195312
367726.729970	0.213175	160.253906	-350.195312
367726.731971	0.212764	2.340402	0.425128
367727.778056	0.213255	433.007812	0.781250
367727.780058	0.212777	2.340544	0.521508
367728.792569	0.215239	191.503906	-230.273437
367728.794571	0.214667	2.361335	0.583988
367729.875116	0.213350	426.953125	2.441406
367729.877118	0.212873	2.341607	0.490337
367730.888088	0.213714	179.589844	-276.953125
367730.890091	0.213373	2.347102	0.558880
367731.970120	0.215409	401.464844	5.859375
367731.974119	0.214299	2.357284	0.454539
367732.986177	0.214270	172.363281	-305.664062
367732.988180	0.213561	2.349167	0.513730
367734.034249	0.216009	428.027344	3.613281
367734.036248	0.215161	2.366776	0.578139
367735.082256	0.213738	178.222656	-284.765625
367735.084258	0.214121	2.355326	0.485777
367736.132280	0.214243	433.691406	2.441406
367736.134282	0.213636	2.349991	0.673008
367737.180319	0.214286	172.265625	-310.156250
367737.182320	0.213573	2.349308	0.439295
367738.228340	0.215984	437.109375	1.953125
367738.230342	0.215170	2.366874	0.541735
367739.244368	0.213697	183.203125	-265.722656
367739.246371	0.213656	2.350212	0.582195
367740.328369	0.213735	422.363281	4.101562
367740.330370	0.213701	2.350709	0.510059
367741.340903	0.213895	188.964844	-239.550781
367741.342905	0.214593	2.360528	0.563769
367742.425488	0.212964	418.847656	4.980469
367742.427489	0.212460	2.337061	0.475459
367743.441475	0.213300	179.980469	-273.730469
367743.443478	0.212839	2.341226	0.613450
367744.487989	0.214035	438.671875	2.441406
367744.489990	0.213419	2.347607	0.630258
367745.536053	0.214311	167.480469	-326.074219
367745.538054	0.213613	2.349743	0.492271
367746.586057	0.216281	445.214844	0.781250
367746.588058	0.215664	2.372306	0.567057
367747.633010	0.215796	167.089844	-330.957031
367747.635011	0.214956	2.364516	0.464951
367748.681044	1.766587	436.718750	2.246094
367748.683045	0.214582	2.360404	0.555914
367749.730010	0.214100	154.003906	-386.132812
367749.732009	0.213242	2.345657	0.429334
367750.782036	0.213735	410.058594	5.566406
367750.784038	0.213431	2.347740	0.894032
367751.794089	0.214268	181.542969	-274.218750
367751.796091	0.213951	2.353465	0.576177
367752.878076	0.213661	420.019531	4.785156
367752.880080	0.213248	2.345728	0.501687
367753.896626	0.214935	174.023437	-303.906250
367753.898626	0.214945	2.364392	0.710554
367754.972694	0.215387	407.128906	6.347656
367754.974696	0.214713	2.361849	0.470407
367755.988704	0.218134	185.058594	-263.769531
367755.990705	0.217225	2.389472	0.523672
367757.036710	0.212269	438.769531	2.246094
367757.038711	0.213793	2.351728	0.579876
367758.084742	0.193371	165.234375	-340.527344
367758.086744	0.213475	165.234375	-340.527344
367758.090742	0.212373	2.336103	0.496547
367759.134786	0.213675	433.593750	2.246094
367759.136789	0.212850	2.341350	0.570856
367760.182841	0.214726	171.972656	-315.917969
367760.184843	0.214050	2.354546	0.461241
367761.231814	0.215661	418.945312	3.906250
367761.233817	0.214845	2.363293	0.552660
367762.279877	0.214007	168.652344	-330.859375
367762.281879	0.213445	2.347890	0.429680
367763.327887	0.206345	415.429687	4.296875
367763.329889	0.214183	415.429687	4.296875
367763.331890	0.213528	2.348803	0.526051
367764.345937	0.214946	190.234375	-247.363281
367764.347940	0.214385	2.358233	0.583409
367765.426532	0.214008	410.156250	4.296875
367765.428541	0.213236	2.345595	0.484141
367766.442625	0.214708	170.214844	-321.972656
367766.446625	0.213534	2.348874	0.639439
367767.492621	0.213453	449.804687	-2.246094
367767.494622	0.212971	2.342680	0.580201
367768.539590	0.214470	169.335937	-323.339844
367768.541590	0.213843	2.352268	0.508688
367769.587636	0.213966	438.769531	-1.171875
367769.589640	0.213093	2.344026	0.575914
367770.636201	0.214291	168.066406	-327.343750
367770.638203	0.213482	2.348307	0.468344
367771.686779	0.213741	421.289062	0.781250
367771.688781	0.213214	2.345356	0.568448
367772.734850	0.213702	149.511719	-399.414062
367772.738848	0.212796	2.340756	0.434094
367773.782894	0.213597	414.550781	1.171875
367773.784895	0.212955	2.342502	0.753102
367774.796956	0.212191	183.886719	-269.042969
367774.798958	0.213609	2.349698	0.599476
367775.879014	0.215528	409.863281	1.953125
367775.881015	0.214729	2.362017	0.505387
367776.895091	0.215688	175.683594	-300.097656
367776.897091	0.214975	2.364729	0.577573
367777.977181	0.213970	414.941406	1.074219
367777.979183	0.213312	2.346428	0.471867
367778.995229	0.213624	170.996094	-317.675781
367778.997231	0.213158	2.344735	0.550733
367780.039289	0.192544	432.324219	-1.562500
367780.041293	0.213868	432.324219	-1.562500
367780.043292	0.213206	2.345267	0.585794
367781.089348	0.216088	159.667969	-362.402344
367781.091352	0.215322	2.368540	0.496923
367782.137387	0.215940	432.226562	-1.269531
367782.139393	0.215251	2.367760	0.580431
367783.185415	0.211137	158.105469	-366.113281
367783.187416	0.215341	158.105469	-366.113281
367783.189418	0.214732	2.362052	0.459312
367784.239491	0.212529	429.101562	-0.488281
367784.241494	0.212182	2.334003	0.567953
367785.252062	0.213665	194.042969	-234.960937
367785.254066	0.213092	2.344009	0.624264
367786.332589	0.214941	403.417969	3.027344
367786.334590	0.214268	2.356948	0.530337
367787.348566	0.215559	187.792969	-259.179687
367787.350568	0.214863	2.363488	0.605489
367788.429126	0.214977	396.386719	4.101562
367788.431127	0.214128	2.355406	0.498108
367789.445139	0.215829	177.734375	-295.800781
367789.447141	0.215049	2.365544	0.567102
