crossing time (s)	slope (V/s)	crossing number
281474976710655.000000	6.138516	8723	432251011072.000000
281474976710655.000000	5.596240	8724	432252059648.000000
281474976710655.000000	7.079417	8725	432253140992.000000
281474976710655.000000	6.537117	8726	432254124032.000000
281474976710655.000000	7.711455	8727	432255238144.000000
281474976710655.000000	7.342444	8728	432256221184.000000
281474976710655.000000	6.170427	8729	432257335296.000000
281474976710655.000000	4.960497	8730	432258351104.000000
281474976710655.000000	6.618831	8731	432259399680.000000
281474976710655.000000	4.929770	8732	432260448256.000000
281474976710655.000000	5.767552	8733	432261464064.000000
281474976710655.000000	6.729523	8734	432262545408.000000
281474976710655.000000	6.692282	8735	432263561216.000000
281474976710655.000000	7.890154	8736	432264642560.000000
281474976710655.000000	7.152392	8737	432265658368.000000
281474976710655.000000	6.581389	8738	432266739712.000000
281474976710655.000000	5.955456	8739	432267755520.000000
281474976710655.000000	7.525843	8740	432268804096.000000
281474976710655.000000	7.331503	8741	432269852672.000000
281474976710655.000000	6.583941	8742	432270901248.000000
281474976710655.000000	7.549351	8743	432271949824.000000
281474976710655.000000	6.909551	8744	432272998400.000000
281474976710655.000000	7.243528	8745	432274046976.000000
281474976710655.000000	7.400918	8746	432275062784.000000
281474976710655.000000	7.350517	8747	432276144128.000000
281474976710655.000000	7.744787	8748	432277159936.000000
281474976710655.000000	6.743569	8749	432278241280.000000
281474976710655.000000	7.923139	8750	432279257088.000000
281474976710655.000000	6.719698	8751	432280338432.000000
281474976710655.000000	7.671756	8752	432281354240.000000
281474976710655.000000	7.149920	8753	432282402816.000000
281474976710655.000000	7.509498	8754	432283451392.000000
281474976710655.000000	7.813001	8755	432284499968.000000
281474976710655.000000	7.305557	8756	432285548544.000000
281474976710655.000000	8.153469	8757	432286597120.000000
281474976710655.000000	7.543025	8758	432287645696.000000
281474976710655.000000	7.355087	8759	432288661504.000000
281474976710655.000000	8.045619	8760	432289742848.000000
281474976710655.000000	7.867237	8761	432290758656.000000
281474976710655.000000	7.789342	8762	432291840000.000000
281474976710655.000000	8.555029	8763	432292855808.000000
281474976710655.000000	7.400606	8764	432293937152.000000
281474976710655.000000	7.811439	8765	432294920192.000000
281474976710655.000000	8.281369	8766	432296034304.000000
281474976710655.000000	7.820376	8767	432297017344.000000
281474976710655.000000	8.818040	8768	432298098688.000000
281474976710655.000000	7.795802	8769	432299114496.000000
281474976710655.000000	8.404253	8770	432300195840.000000
281474976710655.000000	8.128950	8771	432301244416.000000
281474976710655.000000	8.257952	8772	432302260224.000000
281474976710655.000000	8.212112	8773	432303341568.000000
281474976710655.000000	9.731814	8774	432304357376.000000
281474976710655.000000	7.738716	8775	432305438720.000000
281474976710655.000000	8.495768	8776	432306454528.000000
281474976710655.000000	8.346987	8777	432307503104.000000
281474976710655.000000	7.843965	8778	432308551680.000000
281474976710655.000000	10.086135	8779	432309600256.000000
281474976710655.000000	8.342539	8780	432310648832.000000
281474976710655.000000	8.612499	8781	432311697408.000000
281474976710655.000000	9.170981	8782	432312745984.000000
281474976710655.000000	8.339116	8783	432313761792.000000
281474976710655.000000	9.390467	8784	432314843136.000000
281474976710655.000000	10.216391	8785	432315858944.000000
281474976710655.000000	8.126255	8786	432316940288.000000
281474976710655.000000	9.154446	8787	432317956096.000000
281474976710655.000000	8.782122	8788	432319037440.000000
281474976710655.000000	9.017671	8789	432320053248.000000
281474976710655.000000	8.795054	8790	432321134592.000000
281474976710655.000000	8.539534	8791	432322117632.000000
281474976710655.000000	10.227733	8792	432323198976.000000
281474976710655.000000	9.548109	8793	432324214784.000000
281474976710655.000000	9.207295	8794	432325296128.000000
281474976710655.000000	9.617999	8795	432326311936.000000
281474976710655.000000	9.161429	8796	432327393280.000000
281474976710655.000000	9.882191	8797	432328409088.000000
281474976710655.000000	9.130505	8798	432329457664.000000
281474976710655.000000	10.484900	8799	432330539008.000000
281474976710655.000000	9.542192	8800	432331554816.000000
281474976710655.000000	10.316320	8801	432332636160.000000
281474976710655.000000	9.969862	8802	432333619200.000000
281474976710655.000000	10.369639	8803	432334733312.000000
281474976710655.000000	10.380681	8804	432335716352.000000
281474976710655.000000	9.064949	8805	432336797696.000000
281474976710655.000000	9.907094	8806	432337846272.000000
281474976710655.000000	9.194616	8807	432338894848.000000
281474976710655.000000	10.190521	8808	432339943424.000000
281474976710655.000000	9.398788	8809	432340959232.000000
281474976710655.000000	10.829739	8810	432342040576.000000
281474976710655.000000	9.437366	8811	432343056384.000000
281474976710655.000000	10.923936	8812	432344137728.000000
281474976710655.000000	9.880647	8813	432345153536.000000
281474976710655.000000	10.769832	8814	432346234880.000000
281474976710655.000000	10.473936	8815	432347217920.000000
281474976710655.000000	10.362723	8816	432348332032.000000
281474976710655.000000	11.222030	8817	432349315072.000000
281474976710655.000000	9.525812	8818	432350396416.000000
281474976710655.000000	10.830138	8819	432351412224.000000
281474976710655.000000	9.849375	8820	432352493568.000000
281474976710655.000000	10.635779	8821	432353509376.000000
281474976710655.000000	10.001814	8822	432354590720.000000
281474976710655.000000	10.380665	8823	432355606528.000000
281474976710655.000000	10.435995	8824	432356687872.000000
281474976710655.000000	10.711149	8825	432357703680.000000
281474976710655.000000	10.461568	8826	432358785024.000000
281474976710655.000000	11.211103	8827	432359800832.000000
281474976710655.000000	10.234068	8828	432360849408.000000
281474976710655.000000	10.578597	8829	432361865216.000000
281474976710655.000000	10.817011	8830	432362946560.000000
281474976710655.000000	10.937164	8831	432363962368.000000
281474976710655.000000	10.715400	8832	432365043712.000000
281474976710655.000000	10.874267	8833	432366059520.000000
281474976710655.000000	10.567143	8834	432367140864.000000
281474976710655.000000	10.650837	8835	432368156672.000000
281474976710655.000000	10.998319	8836	432369238016.000000
281474976710655.000000	10.180376	8837	432370253824.000000
281474976710655.000000	12.191970	8838	432371302400.000000
281474976710655.000000	10.307323	8839	432372350976.000000
281474976710655.000000	11.948412	8840	432373399552.000000
281474976710655.000000	10.349226	8841	432374448128.000000
281474976710655.000000	11.317631	8842	432375496704.000000
281474976710655.000000	11.047503	8843	432376545280.000000
281474976710655.000000	11.885500	8844	432377561088.000000
281474976710655.000000	11.158329	8845	432378642432.000000
281474976710655.000000	11.922617	8846	432379658240.000000
281474976710655.000000	10.536722	8847	432380739584.000000
281474976710655.000000	10.853763	8848	432381755392.000000
281474976710655.000000	12.079333	8849	432382803968.000000
281474976710655.000000	10.541252	8850	432383852544.000000
281474976710655.000000	12.321370	8851	432384901120.000000
281474976710655.000000	10.946455	8852	432385949696.000000
281474976710655.000000	11.415906	8853	432386998272.000000
281474976710655.000000	11.870950	8854	432388046848.000000
281474976710655.000000	11.101624	8855	432389095424.000000
281474976710655.000000	11.528172	8856	432390144000.000000
281474976710655.000000	12.129301	8857	432391159808.000000
281474976710655.000000	10.895829	8858	432392241152.000000
281474976710655.000000	12.828780	8859	432393256960.000000
281474976710655.000000	10.878911	8860	432394338304.000000
281474976710655.000000	12.948882	8861	432395354112.000000
281474976710655.000000	11.164296	8862	432396402688.000000
281474976710655.000000	12.803185	8863	432397451264.000000
281474976710655.000000	11.786774	8864	432398499840.000000
281474976710655.000000	12.731477	8865	432399548416.000000
281474976710655.000000	11.962255	8866	432400596992.000000
281474976710655.000000	12.344025	8867	432401645568.000000
281474976710655.000000	12.135886	8868	432402661376.000000
281474976710655.000000	11.975069	8869	432403742720.000000
281474976710655.000000	13.081919	8870	432404758528.000000
281474976710655.000000	11.020890	8871	432405839872.000000
281474976710655.000000	12.849010	8872	432406855680.000000
281474976710655.000000	11.112750	8873	432407937024.000000
281474976710655.000000	13.523409	8874	432408952832.000000
281474976710655.000000	11.545879	8875	432410001408.000000
281474976710655.000000	13.531693	8876	432411049984.000000
281474976710655.000000	11.445306	8877	432412098560.000000
281474976710655.000000	13.083428	8878	432413147136.000000
281474976710655.000000	11.608150	8879	432414195712.000000
281474976710655.000000	12.812480	8880	432415244288.000000
281474976710655.000000	12.042364	8881	432416260096.000000
281474976710655.000000	12.392286	8882	432417341440.000000
281474976710655.000000	12.225741	8883	432418357248.000000
281474976710655.000000	11.805268	8884	432419438592.000000
281474976710655.000000	12.313581	8885	432420454400.000000
281474976710655.000000	12.308900	8886	432421535744.000000
281474976710655.000000	11.655208	8887	432422551552.000000
281474976710655.000000	12.578051	8888	432423632896.000000
281474976710655.000000	11.895466	8889	432424648704.000000
281474976710655.000000	13.211341	8890	432425730048.000000
281474976710655.000000	11.972931	8891	432426713088.000000
281474976710655.000000	12.876088	8892	432427794432.000000
281474976710655.000000	11.944499	8893	432428810240.000000
281474976710655.000000	12.396686	8894	432429891584.000000
281474976710655.000000	11.678372	8895	432430907392.000000
281474976710655.000000	13.382588	8896	432431988736.000000
281474976710655.000000	11.965904	8897	432433004544.000000
281474976710655.000000	14.492967	8898	432434053120.000000
281474976710655.000000	12.003332	8899	432435101696.000000
281474976710655.000000	13.714399	8900	432436150272.000000
281474976710655.000000	12.416730	8901	432437231616.000000
281474976710655.000000	13.193960	8902	432438247424.000000
281474976710655.000000	12.657385	8903	432439328768.000000
281474976710655.000000	13.197538	8904	432440311808.000000
281474976710655.000000	12.996109	8905	432441393152.000000
281474976710655.000000	13.259108	8906	432442408960.000000
281474976710655.000000	13.113684	8907	432443490304.000000
281474976710655.000000	12.241418	8908	432444506112.000000
281474976710655.000000	13.328506	8909	432445587456.000000
281474976710655.000000	12.218213	8910	432446603264.000000
281474976710655.000000	13.292758	8911	432447651840.000000
281474976710655.000000	12.500320	8912	432448700416.000000
281474976710655.000000	12.637320	8913	432449748992.000000
281474976710655.000000	13.207948	8914	432450797568.000000
281474976710655.000000	13.122283	8915	432451846144.000000
281474976710655.000000	12.899140	8916	432452894720.000000
281474976710655.000000	13.436535	8917	432453943296.000000
281474976710655.000000	12.406025	8918	432454991872.000000
281474976710655.000000	13.718587	8919	432456040448.000000
281474976710655.000000	12.777205	8920	432457089024.000000
281474976710655.000000	13.177404	8921	432458137600.000000
281474976710655.000000	13.050029	8922	432459153408.000000
281474976710655.000000	13.487486	8923	432460234752.000000
281474976710655.000000	12.843330	8924	432461250560.000000
281474976710655.000000	13.603001	8925	432462331904.000000
281474976710655.000000	13.002544	8926	432463347712.000000
281474976710655.000000	13.336979	8927	432464429056.000000
281474976710655.000000	13.811518	8928	432465444864.000000
281474976710655.000000	12.745534	8929	432466493440.000000
281474976710655.000000	13.617201	8930	432467542016.000000
281474976710655.000000	12.386215	8931	432468590592.000000
281474976710655.000000	14.141491	8932	432469639168.000000
281474976710655.000000	12.660483	8933	432470687744.000000
281474976710655.000000	14.123420	8934	432471736320.000000
281474976710655.000000	12.759102	8935	432472752128.000000
281474976710655.000000	13.653143	8936	432473833472.000000
281474976710655.000000	12.907156	8937	432474849280.000000
281474976710655.000000	13.702280	8938	432475930624.000000
281474976710655.000000	12.188095	8939	432476946432.000000
281474976710655.000000	14.263330	8940	432477995008.000000
281474976710655.000000	12.784708	8941	432479043584.000000
281474976710655.000000	13.677551	8942	432480092160.000000
281474976710655.000000	12.980282	8943	432481107968.000000
281474976710655.000000	13.406744	8944	432482189312.000000
281474976710655.000000	12.976667	8945	432483205120.000000
281474976710655.000000	13.820853	8946	432484286464.000000
281474976710655.000000	12.586409	8947	432485302272.000000
281474976710655.000000	14.099355	8948	432486383616.000000
281474976710655.000000	12.458015	8949	432487399424.000000
281474976710655.000000	14.537090	8950	432488448000.000000
281474976710655.000000	12.894413	8951	432489496576.000000
281474976710655.000000	13.809205	8952	432490545152.000000
281474976710655.000000	13.246476	8953	432491593728.000000
281474976710655.000000	14.575873	8954	432492642304.000000
281474976710655.000000	13.160188	8955	432493690880.000000
281474976710655.000000	14.099287	8956	432494706688.000000
281474976710655.000000	13.154886	8957	432495788032.000000
281474976710655.000000	14.253605	8958	432496803840.000000
281474976710655.000000	12.508766	8959	432497885184.000000
281474976710655.000000	13.556729	8960	432498900992.000000
281474976710655.000000	13.507084	8961	432499982336.000000
281474976710655.000000	13.533083	8962	432500998144.000000
281474976710655.000000	13.991439	8963	432502046720.000000
281474976710655.000000	13.296863	8964	432503095296.000000
281474976710655.000000	14.787340	8965	432504143872.000000
281474976710655.000000	13.563643	8966	432505192448.000000
281474976710655.000000	13.838381	8967	432506241024.000000
281474976710655.000000	13.597633	8968	432507289600.000000
281474976710655.000000	13.553724	8969	432508338176.000000
281474976710655.000000	13.127882	8970	432509386752.000000
281474976710655.000000	14.108669	8971	432510435328.000000
281474976710655.000000	13.152123	8972	432511451136.000000
281474976710655.000000	14.283086	8973	432512499712.000000
281474976710655.000000	13.161406	8974	432513548288.000000
281474976710655.000000	14.281881	8975	432514596864.000000
281474976710655.000000	13.981539	8976	432515645440.000000
281474976710655.000000	14.416982	8977	432516694016.000000
281474976710655.000000	13.455911	8978	432517742592.000000
281474976710655.000000	14.311646	8979	432518791168.000000
281474976710655.000000	14.181334	8980	432519806976.000000
281474976710655.000000	14.220638	8981	432520888320.000000
281474976710655.000000	14.682489	8982	432521904128.000000
281474976710655.000000	12.674561	8983	432522985472.000000
281474976710655.000000	14.690409	8984	432524001280.000000
281474976710655.000000	13.061372	8985	432525082624.000000
281474976710655.000000	14.645679	8986	432526098432.000000
281474976710655.000000	13.188926	8987	432527147008.000000
281474976710655.000000	15.442190	8988	432528195584.000000
281474976710655.000000	13.568327	8989	432529244160.000000
281474976710655.000000	14.862413	8990	432530292736.000000
281474976710655.000000	13.579204	8991	432531341312.000000
281474976710655.000000	14.929433	8992	432532389888.000000
281474976710655.000000	13.778623	8993	432533438464.000000
