time (s)	energy (uJ)	charge (mC)	voltage (mV)	crossing#mod 255
432251.015644	65.402061	0.010242	6.385841	19
432252.064212	95.736092	0.010235	9.353386	20
432253.147997	56.948257	0.010255	5.553195	21
432254.130605	87.891708	0.010267	8.560412	22
432255.242764	76.050766	0.010222	7.439792	23
432256.225777	76.213264	0.010254	7.432561	24
432257.340728	83.041222	0.010249	8.102633	25
432258.334434	67.352951	0.010254	6.568737	26
432259.403546	87.471306	0.010256	8.528551	27
432260.452970	58.257820	0.010239	5.689873	28
432261.446913	107.115067	0.010238	10.462327	29
432262.549484	68.227089	0.010266	6.645614	30
432263.565400	85.015282	0.010246	8.297266	31
432264.648809	72.990410	0.010221	7.141212	32
432265.662274	69.865021	0.010260	6.809459	33
432266.745606	80.142944	0.010240	7.826254	34
432267.761826	62.392124	0.010233	6.097427	35
432268.810431	92.836052	0.010228	9.076591	36
432269.858720	64.905899	0.010240	6.338212	37
432270.906798	89.067825	0.010250	8.689485	38
432271.954874	64.045509	0.010230	6.260273	39
432273.007700	79.145248	0.010224	7.741501	40
432274.053438	63.088017	0.010265	6.145805	41
432275.067515	104.670677	0.010204	10.257412	42
432276.148778	61.140228	0.010241	5.970269	43
432277.164368	100.247452	0.010215	9.814198	44
432278.266297	39.447266	0.010240	3.852224	45
432279.238110	108.624512	0.010255	10.591973	46
432280.344162	53.769081	0.010246	5.248019	47
432281.358570	87.929390	0.010235	8.590822	48
432282.408237	80.010017	0.010262	7.796721	49
432283.433185	106.417397	0.010244	10.387825	50
432284.481814	90.284935	0.010228	8.826839	51
432285.553159	83.134117	0.010235	8.122219	52
432286.602925	61.118015	0.010238	5.969913	53
432287.651498	81.643303	0.010239	7.974060	54
432288.665902	84.480621	0.010237	8.252236	55
432289.747685	85.211288	0.010234	8.326659	56
432290.766872	73.725883	0.010232	7.205098	57
432291.846143	80.403030	0.010236	7.854935	58
432292.860446	74.220947	0.010230	7.255516	59
432293.942332	73.241188	0.010250	7.145550	60
432294.926543	103.904915	0.010229	10.158048	61
432296.039028	64.792686	0.010235	6.330197	62
432297.021475	113.306282	0.010253	11.050641	63
432298.103245	77.632065	0.010235	7.585179	64
432299.117561	123.854347	0.010233	12.103486	65
432300.200063	58.768085	0.010245	5.736249	66
432301.248641	89.593567	0.010243	8.747083	67
432302.264563	75.134369	0.010240	7.337574	68
432303.346325	95.359825	0.010234	9.318288	69
432304.363129	73.171265	0.010259	7.132117	70
432305.442517	79.708786	0.010288	7.748030	71
432306.459747	77.781204	0.010251	7.587399	72
432307.509464	98.306541	0.010232	9.607430	73
432308.556114	83.156433	0.010241	8.120195	74
432309.604355	76.129044	0.010261	7.419077	75
432310.653922	158.712143	0.010247	15.488786	76
432311.702826	56.388763	0.010249	5.501894	77
432312.750913	159.002625	0.010226	15.548197	78
432313.767802	88.141914	0.010231	8.615480	79
432314.848408	91.574898	0.010244	8.939525	80
432315.865190	82.420204	0.010224	8.061530	81
432316.967480	59.676941	0.010252	5.821139	82
432317.960371	79.183044	0.010240	7.732830	83
432319.043757	71.101158	0.010233	6.948365	84
432320.081734	37.484344	0.010253	3.655771	85
432321.140542	62.676445	0.010240	6.120580	86
432322.121423	107.215256	0.010267	10.442501	87
432323.203612	110.048203	0.010252	10.733839	88
432324.220651	97.700668	0.010225	9.554839	89
432325.302484	97.494980	0.010229	9.531368	90
432326.315625	100.430618	0.010230	9.817693	91
432327.397365	81.730995	0.010255	7.969553	92
432328.413327	99.232361	0.010237	9.693535	93
432329.437577	147.045456	0.010243	14.355679	94
432330.547676	43.471226	0.010227	4.250467	95
432331.560939	87.819878	0.010239	8.576943	96
432332.638594	64.478226	0.010231	6.302394	97
432333.624982	111.068886	0.010233	10.853546	98
432334.737824	63.129860	0.010239	6.165718	99
432335.720607	103.193634	0.010236	10.081007	100
432336.802377	107.080276	0.010230	10.467030	101
432337.850249	54.513695	0.010223	5.332656	102
432338.899426	75.339706	0.010235	7.361283	103
432339.947683	60.551857	0.010246	5.910069	104
432340.963626	113.072479	0.010233	11.049451	105
432342.044216	66.212494	0.010221	6.477807	106
432343.060471	88.897552	0.010253	8.670300	107
432344.142188	67.625061	0.010241	6.603413	108
432345.158142	67.476265	0.010233	6.594288	109
432346.237958	67.129761	0.010234	6.559794	110
432347.223882	119.089790	0.010237	11.632909	111
432348.336360	61.138218	0.010229	5.976900	112
432349.320041	109.911880	0.010226	10.748565	113
432350.402429	95.041130	0.010215	9.304404	114
432351.418481	97.005623	0.010230	9.482099	115
432352.497414	81.210800	0.010246	7.925938	116
432353.514676	86.668510	0.010231	8.471432	117
432354.595408	75.889290	0.010231	7.417860	118
432355.612698	74.719017	0.010226	7.306654	119
432356.691920	70.635895	0.010246	6.893798	120
432357.707886	70.831322	0.010243	6.915294	121
432358.789641	61.508862	0.010242	6.005538	122
432359.807147	57.490646	0.010238	5.615374	123
432360.853812	108.729042	0.010233	10.624835	124
432361.869738	111.516449	0.010231	10.899944	125
432362.951551	100.572601	0.010234	9.827206	126
432363.968082	98.549026	0.010242	9.622327	127
432365.048335	91.420296	0.010231	8.935223	128
432366.088572	44.714058	0.010248	4.363094	129
432367.148824	71.674988	0.010219	7.014182	130
432368.161146	86.783051	0.010238	8.476797	131
432369.242976	60.323765	0.010241	5.890181	132
432370.257673	84.975121	0.010255	8.286137	133
432371.306958	93.393265	0.010228	9.130952	134
432372.355351	78.378349	0.010236	7.657348	135
432373.403583	67.398399	0.010247	6.577507	136
432374.453540	96.596176	0.010256	9.418553	137
432375.501642	46.506149	0.010235	4.543664	138
432376.550539	98.914253	0.010244	9.655438	139
432377.565142	97.158867	0.010257	9.472445	140
432378.646878	86.802002	0.010238	8.478693	141
432379.661959	96.077515	0.010238	9.384370	142
432380.743720	61.254883	0.010259	5.970718	143
432381.759635	98.346260	0.010238	9.606402	144
432382.810074	95.970642	0.010233	9.378624	145
432383.856702	102.545540	0.010300	9.955928	146
432384.906213	72.286995	0.010250	7.052292	147
432385.954380	105.138351	0.010228	10.279647	148
432387.002617	53.981632	0.010237	5.273130	149
432388.050884	100.596375	0.010249	9.814926	150
432389.099140	41.932201	0.010224	4.101354	151
432390.148382	91.028091	0.010213	8.912623	152
432391.140323	155.454254	0.010260	15.151428	153
432392.245403	78.048401	0.010239	7.622506	154
432393.276983	53.156292	0.010232	5.195184	155
432394.343175	62.439674	0.010229	6.103946	156
432395.358467	80.432091	0.010266	7.834915	157
432396.409077	108.568329	0.010227	10.615492	158
432397.455486	80.646202	0.010221	7.890456	159
432398.503099	93.094582	0.010235	9.095798	160
432399.553241	80.538498	0.010233	7.870412	161
432400.601477	60.881451	0.010235	5.948562	162
432401.650185	83.425255	0.010250	8.139233	163
432402.665640	108.696899	0.010235	10.620040	164
432403.749674	81.611931	0.010232	7.975883	165
432404.762528	90.310318	0.010257	8.804764	166
432405.844220	72.930588	0.010241	7.121774	167
432406.860124	81.292061	0.010215	7.958292	168
432407.941032	51.314728	0.010266	4.998445	169
432408.959083	76.279510	0.010244	7.446598	170
432410.005484	97.122787	0.010256	9.469737	171
432411.075822	46.171085	0.010239	4.509389	172
432412.079181	131.020142	0.010235	12.800870	173
432413.150758	89.360764	0.010215	8.748144	174
432414.200215	44.701962	0.010237	4.366498	175
432415.248482	83.626648	0.010242	8.165440	176
432416.264423	106.303383	0.010232	10.389306	177
432417.346234	77.078148	0.010227	7.536795	178
432418.362187	90.897385	0.010226	8.888973	179
432419.445080	65.342987	0.010237	6.383188	180
432420.482810	14.029688	0.010243	1.369626	181
432421.542060	56.434586	0.010235	5.514138	182
432422.555189	55.497990	0.010234	5.422812	183
432423.636947	41.067429	0.010268	3.999742	184
432424.654366	46.279354	0.010238	4.520386	185
432425.736311	40.492634	0.010234	3.956522	186
432426.692108	185.301285	0.010254	18.071253	187
432427.799113	82.205864	0.010234	8.032586	188
432428.816449	106.831490	0.010234	10.438749	189
432429.896622	136.434845	0.010234	13.331880	190
432430.912099	107.513298	0.010234	10.505398	191
432431.992409	48.697826	0.010235	4.758195	192
432433.008351	107.185890	0.010263	10.443931	193
432434.034929	135.429138	0.010225	13.245409	194
432435.107965	102.492096	0.010231	10.018250	195
432436.154555	63.475307	0.010241	6.198019	196
432437.236323	40.026432	0.010237	3.910075	197
432438.251617	46.302132	0.010245	4.519462	198
432439.335165	34.781788	0.010264	3.388818	199
432440.316085	110.076790	0.010232	10.758417	200
432441.397839	83.633751	0.010225	8.179107	201
432442.437347	50.076759	0.010252	4.884727	202
432443.494971	51.985214	0.010228	5.082517	203
432444.510937	104.982353	0.010230	10.262599	204
432445.591524	40.316521	0.010261	3.929080	205
432446.607897	103.443626	0.010233	10.109263	206
432447.655726	94.245239	0.010244	9.200099	207
432448.705151	101.532784	0.010226	9.928601	208
432449.754977	66.774666	0.010238	6.522446	209
432450.803538	88.416145	0.010232	8.641356	210
432451.850732	52.390594	0.010242	5.115183	211
432452.898984	74.487198	0.010239	7.274768	212
432453.948623	42.302765	0.010246	4.128527	213
432454.997171	61.417034	0.010247	5.993927	214
432456.044599	38.648968	0.010269	3.763472	215
432457.115767	20.909750	0.010257	2.038583	216
432458.142286	37.829372	0.010227	3.699043	217
432459.158263	96.930580	0.010223	9.481539	218
432460.240218	40.446613	0.010242	3.949241	219
432461.256698	66.256699	0.010236	6.472832	220
432462.310711	94.293755	0.010296	9.158145	221
432463.351804	48.339027	0.010217	4.731216	222
432464.434566	35.250870	0.010242	3.441954	223
432465.449978	35.717140	0.010247	3.485518	224
432466.498535	92.204018	0.010254	8.992420	225
432467.546055	33.484970	0.010257	3.264585	226
432468.595515	61.445282	0.010236	6.002805	227
432469.643735	33.097980	0.010238	3.232836	228
432470.691971	40.706963	0.010262	3.966815	229
432471.740225	31.178846	0.010255	3.040366	230
432472.755533	91.980354	0.010210	9.009065	231
432473.839633	35.725212	0.010236	3.490215	232
432474.854177	63.671333	0.010240	6.217702	233
432475.934746	33.387581	0.010258	3.254868	234
432476.950686	46.746174	0.010239	4.565299	235
432477.974019	148.017731	0.010205	14.504815	236
432479.048347	36.725307	0.010215	3.595182	237
432480.100250	68.262886	0.010229	6.673723	238
432481.116256	89.489418	0.010224	8.752590	239
432482.193456	65.004913	0.010255	6.339011	240
432483.229826	37.861115	0.010202	3.711326	241
432484.291995	47.997490	0.010246	4.684359	242
432485.306469	79.187508	0.010238	7.734879	243
432486.388960	37.368053	0.010254	3.644117	244
432487.403533	73.171486	0.010257	7.133704	245
432488.453028	78.260292	0.010230	7.650311	246
432489.477948	140.879120	0.010246	13.750250	247
432490.549814	54.882793	0.010232	5.363801	248
432491.599629	74.424377	0.010235	7.271206	249
432492.646316	38.113174	0.010248	3.719050	250
432493.696288	70.915642	0.010242	6.924113	251
432494.715109	77.782707	0.010226	7.606267	252
432495.793265	67.504990	0.010251	6.585334	253
432496.807888	76.694725	0.010252	7.481105	254
432497.891306	51.674141	0.010239	5.047014	255
432498.905610	66.638229	0.010227	6.515944	0
432500.010218	13.984362	0.010256	1.363584	1
432500.976879	139.756042	0.010254	13.629457	2
432502.051634	82.287300	0.010238	8.037077	3
432503.099837	55.498707	0.010237	5.421590	4
432504.148084	50.636086	0.010242	4.944051	5
432505.200631	56.182823	0.010228	5.493282	6
432506.245810	42.126289	0.010236	4.115344	7
432507.295686	50.345844	0.010236	4.918496	8
432508.342625	32.017181	0.010238	3.127280	9
432509.392345	42.285076	0.010230	4.133361	10
432510.439442	30.173111	0.010268	2.938693	11
432511.455619	89.965370	0.010220	8.802958	12
432512.503888	87.265778	0.010252	8.512093	13
432513.552155	78.501854	0.010263	7.648810	14
432514.601588	91.242882	0.010231	8.918092	15
432515.671328	21.352932	0.010263	2.080540	16
432516.698658	82.200920	0.010198	8.060813	17
432517.747258	38.231785	0.010235	3.735256	18
432518.797108	75.217018	0.010232	7.350919	19
432519.831350	42.416790	0.010224	4.148662	20
432520.892389	71.217155	0.010225	6.964816	21
432521.908347	81.484840	0.010242	7.956338	22
432522.992926	47.008839	0.010242	4.589776	23
432524.007402	68.409058	0.010227	6.689126	24
432525.086328	35.393673	0.010236	3.457918	25
432526.104044	71.989655	0.010247	7.025738	26
432527.151141	80.574692	0.010271	7.844525	27
432528.200685	70.446609	0.010249	6.873524	28
432529.247581	60.051746	0.010230	5.870254	29
432530.295630	65.329399	0.010256	6.370136	30
432531.346211	41.303772	0.010233	4.036512	31
432532.417917	22.325861	0.010268	2.174253	32
432533.421600	69.730858	0.010241	6.809110	33
