time (s)	coil I (A)	last det (V)	int current (uC)
424972.913580	0.344537	121.386719	213.085937
424972.915583	0.708876	121.386719	213.085937
424972.917581	0.932345	121.386719	213.085937
424972.919581	0.934574	121.386719	213.085937
424972.921582	0.932366	10.256026	0.087092
424973.929621	0.388162	135.937500	-224.707031
424973.931624	0.750092	135.937500	-224.707031
424973.935621	0.934022	135.937500	-224.707031
424973.937623	0.931974	10.251710	0.132081
424975.014182	0.905193	136.035156	205.468750
424975.018185	0.932860	136.035156	205.468750
424975.020187	0.931446	10.245906	0.119805
424976.028699	0.737401	21.875000	-218.652344
424976.030703	0.935565	21.875000	-218.652344
424976.032702	0.934764	10.282409	0.546147
424977.108752	1.497150	140.625000	194.042969
424977.110756	0.847011	140.625000	194.042969
424977.112754	0.936343	140.625000	194.042969
424977.114755	0.933262	10.265882	0.100388
424978.124754	0.540291	29.492187	-212.011719
424978.126755	0.870369	29.492187	-212.011719
424978.128755	0.936585	29.492187	-212.011719
424978.130757	0.933845	10.272298	0.083540
424979.206788	0.664218	141.796875	183.593750
424979.208790	0.923448	141.796875	183.593750
424979.210790	0.935129	141.796875	183.593750
424979.212790	0.932769	10.260457	0.231976
424980.221717	0.506033	10.937500	-209.472656
424980.223717	0.848015	10.937500	-209.472656
424980.225720	0.937050	10.937500	-209.472656
424980.227719	0.936924	10.306160	0.067409
424981.302672	0.435013	137.011719	176.074219
424981.304675	0.792329	137.011719	176.074219
424981.306674	0.937744	137.011719	176.074219
424981.308674	0.934872	10.283597	0.096228
424982.286702	0.613266	122.363281	-209.472656
424982.288703	0.906681	122.363281	-209.472656
424982.290703	0.935382	122.363281	-209.472656
424982.292703	0.932796	10.260758	0.129872
424983.401239	0.687832	134.765625	179.394531
424983.403239	0.930013	134.765625	179.394531
424983.405238	0.936157	134.765625	179.394531
424983.407239	0.933929	10.273219	0.313095
424984.383857	0.614768	96.582031	-214.160156
424984.385859	0.907421	96.582031	-214.160156
424984.387858	0.935557	96.582031	-214.160156
424984.389858	0.932929	10.262220	0.127585
424985.498410	0.692547	131.640625	183.593750
424985.500412	0.930237	131.640625	183.593750
424985.502412	0.935392	131.640625	183.593750
424985.504412	0.933241	10.265651	0.323592
424986.480436	0.508778	102.246094	-221.093750
424986.482438	0.849657	102.246094	-221.093750
424986.484439	0.936559	102.246094	-221.093750
424986.486438	0.933380	10.267175	0.121436
424987.561377	0.438328	129.199219	196.875000
424987.563381	0.795218	129.199219	196.875000
424987.565381	0.938250	129.199219	196.875000
424987.567379	0.935465	10.290119	0.103720
424988.577412	0.480164	89.648437	-230.371094
424988.579414	0.829348	89.648437	-230.371094
424988.581415	0.938487	89.648437	-230.371094
424988.583413	0.935552	10.291067	0.114893
424989.659976	0.699823	118.164062	200.390625
424989.661981	0.931339	118.164062	200.390625
424989.663979	0.935063	118.164062	200.390625
424989.665978	0.932869	10.261556	0.362434
424990.674023	0.379846	83.984375	-237.011719
424990.676026	0.397211	83.984375	-237.011719
424990.678026	0.936426	83.984375	-237.011719
424990.680028	0.935399	10.289384	0.144569
424991.724101	0.652493	119.824219	216.894531
424991.726104	0.920393	119.824219	216.894531
424991.728103	0.935299	119.824219	216.894531
424991.730103	0.932830	10.261131	0.183544
424992.774131	0.878329	108.007812	-238.476562
424992.776133	0.935945	108.007812	-238.476562
424992.778134	0.933106	10.264171	0.143888
424993.820193	0.462748	112.988281	215.234375
424993.822194	0.815606	112.988281	215.234375
424993.824194	0.938674	112.988281	215.234375
424993.826194	0.935785	10.293637	0.064902
424994.901125	0.386985	65.625000	-231.835937
424994.903127	0.749007	65.625000	-231.835937
424994.907126	0.935163	65.625000	-231.835937
424994.909128	0.933013	10.263143	0.085518
424995.885117	0.557029	120.605469	212.597656
424995.887119	0.879961	120.605469	212.597656
424995.889120	0.936434	120.605469	212.597656
424995.891119	0.933764	10.271402	0.102165
424996.999709	0.641178	83.691406	-213.867187
424997.003708	0.935270	83.691406	-213.867187
424997.005710	0.932807	83.691406	-213.867187
424997.007711	0.931310	10.244408	0.126339
424997.983737	0.814024	120.410156	189.062500
424997.985738	0.937181	120.410156	189.062500
424997.987738	0.934014	10.274158	0.087241
424999.096313	0.545062	115.332031	-191.015625
424999.100311	0.935870	115.332031	-191.015625
424999.102313	0.933033	115.332031	-191.015625
424999.104313	0.931460	10.246057	0.084676
425000.080339	0.718125	123.242187	158.300781
425000.082340	0.934271	123.242187	158.300781
425000.084341	0.934996	123.242187	158.300781
425000.086341	0.932768	10.260448	0.443707
425001.160374	0.486383	178.222656	-168.652344
425001.162376	0.833707	178.222656	-168.652344
425001.164376	0.937274	178.222656	-168.652344
425001.166376	0.934244	10.276685	0.103267
425002.177302	0.688959	145.410156	142.578125
425002.179302	0.928964	145.410156	142.578125
425002.181302	0.934706	145.410156	142.578125
425002.183303	0.932281	10.255095	0.100582
425003.257813	0.539400	54.980469	-163.867187
425003.259814	0.869560	54.980469	-163.867187
425003.261814	0.936219	54.980469	-163.867187
425003.263817	0.933308	10.266386	0.061040
425004.274772	0.745557	161.132812	134.863281
425004.276775	0.936394	161.132812	134.863281
425004.278775	0.935038	10.285422	0.150748
425005.323339	0.743705	-13.769531	-173.925781
425005.325342	0.936019	-13.769531	-173.925781
425005.327341	0.934864	10.283508	0.064904
425006.403382	0.510383	146.679687	138.964844
425006.405383	0.850836	146.679687	138.964844
425006.407383	0.936576	146.679687	138.964844
425006.409384	0.933499	10.268487	0.091251
425007.385400	0.319125	106.347656	-195.898437
425007.387401	0.684554	106.347656	-195.898437
425007.389405	0.927969	106.347656	-195.898437
425007.391404	0.934482	106.347656	-195.898437
425007.393403	0.932024	10.252269	0.125693
425008.499459	0.309856	138.574219	160.351562
425008.501461	0.675729	138.574219	160.351562
425008.505459	0.934843	138.574219	160.351562
425008.507461	0.932506	138.574219	160.351562
425008.509461	0.931144	10.242582	0.088126
425009.485494	0.840330	68.750000	-220.703125
425009.487495	0.937247	68.750000	-220.703125
425009.489495	0.934158	10.275736	0.112793
425010.565537	0.621183	134.472656	191.015625
425010.567540	0.909702	134.472656	191.015625
425010.569538	0.935428	134.472656	191.015625
425010.571542	0.932857	10.261423	0.107656
425011.581559	0.661610	67.480469	-237.988281
425011.583559	0.922736	67.480469	-237.988281
425011.585561	0.935053	67.480469	-237.988281
425011.587562	0.932657	10.259226	0.137099
425012.661574	0.421059	117.675781	198.339844
425012.663576	0.780145	117.675781	198.339844
425012.665577	0.937551	117.675781	198.339844
425012.667578	0.934793	10.282728	0.070218
425013.709625	0.319979	9.375000	-243.945312
425013.711626	0.685316	9.375000	-243.945312
425013.713626	0.928625	9.375000	-243.945312
425013.715626	0.935342	9.375000	-243.945312
425013.717627	0.932924	10.262159	0.079888
425014.725680	0.368557	119.531250	213.867187
425014.727682	0.731528	119.531250	213.867187
425014.729683	0.935121	119.531250	213.867187
425014.731681	0.934794	10.282738	0.096331
425015.807753	0.502883	36.230469	-244.238281
425015.809756	0.845423	36.230469	-244.238281
425015.811755	0.936335	36.230469	-244.238281
425015.813755	0.933149	10.264640	0.082604
425016.823784	0.542614	110.742187	205.664062
425016.829783	0.932756	110.742187	205.664062
425016.831787	0.931211	110.742187	205.664062
425016.835786	0.929409	10.223501	0.063174
425017.907816	0.924180	49.121094	-241.894531
425017.909818	0.934896	49.121094	-241.894531
425017.911820	0.932504	10.257542	0.232676
425018.921885	0.713829	111.035156	204.199219
425018.923886	0.933857	111.035156	204.199219
425018.925886	0.935569	10.291263	0.051546
425020.001911	0.474262	88.476562	-239.257812
425020.003914	0.825185	88.476562	-239.257812
425020.005913	0.940885	88.476562	-239.257812
425020.007914	0.937724	10.314960	0.088874
425020.985940	0.655926	116.406250	206.445312
425020.987944	0.921360	116.406250	206.445312
425020.989942	0.935379	116.406250	206.445312
425020.991942	0.932936	10.262300	0.194076
425022.065988	0.420730	130.957031	-239.453125
425022.067990	0.779724	130.957031	-239.453125
425022.069991	0.938156	130.957031	-239.453125
425022.071990	0.935486	10.290350	0.136237
425023.084069	0.821647	119.335937	210.937500
425023.086071	0.936937	119.335937	210.937500
425023.088069	0.936863	10.305495	0.098737
425024.162602	0.319991	120.605469	-243.164062
425024.164604	0.685398	120.605469	-243.164062
425024.166605	0.928248	120.605469	-243.164062
425024.168604	0.934742	120.605469	-243.164062
425024.170604	0.932405	10.256452	0.113039
425025.178621	0.360133	121.582031	213.183594
425025.180628	0.723400	121.582031	213.183594
425025.182633	0.934350	121.582031	213.183594
425025.186630	0.932424	10.256664	0.095183
425026.261210	0.585557	9.960937	-250.097656
425026.263211	0.894498	9.960937	-250.097656
425026.265211	0.935515	9.960937	-250.097656
425026.267209	0.932882	10.261706	0.080060
425027.277258	0.627238	124.414062	207.714844
425027.279261	0.911825	124.414062	207.714844
425027.281260	0.935265	124.414062	207.714844
425027.283261	0.932798	10.260777	0.098801
425028.325308	0.536685	79.394531	-247.656250
425028.327311	0.867729	79.394531	-247.656250
425028.329312	0.935726	79.394531	-247.656250
425028.331317	0.932835	10.261184	0.115730
425029.409351	0.667375	121.386719	185.839844
425029.411354	0.934831	121.386719	185.839844
425029.413352	0.932320	10.255521	0.180651
425030.423365	0.698197	2.539062	-236.132812
425030.425367	0.931174	2.539062	-236.132812
425030.427365	0.935236	2.539062	-236.132812
425030.429366	0.932868	10.261547	0.359082
425031.503890	0.551656	132.910156	166.015625
425031.505889	0.876711	132.910156	166.015625
425031.507888	0.936066	132.910156	166.015625
425031.509890	0.933189	10.265083	0.075737
425032.485958	0.369821	61.328125	-214.160156
425032.487960	0.732657	61.328125	-214.160156
425032.489960	0.935453	61.328125	-214.160156
425032.491959	0.934871	10.283579	0.115669
425033.601963	0.714245	145.019531	144.140625
425033.603958	0.934858	145.019531	144.140625
425033.605959	0.936634	145.019531	144.140625
425033.609958	0.933135	10.264481	0.428915
425034.582863	0.324971	97.558594	-190.332031
425034.584867	0.689996	97.558594	-190.332031
425034.586864	0.928841	97.558594	-190.332031
425034.590866	0.934205	97.558594	-190.332031
425034.592868	0.930716	10.237877	0.101375
425035.664882	0.451486	158.398437	131.054687
425035.666884	0.806140	158.398437	131.054687
425035.668885	0.938287	158.398437	131.054687
425035.670884	0.935317	10.288488	0.107432
425036.680906	0.490358	130.175781	-172.363281
425036.682910	0.836384	130.175781	-172.363281
425036.684908	0.936695	130.175781	-172.363281
425036.686909	0.933498	10.268477	0.109731
425037.766928	0.935125	137.109375	122.656250
425037.768929	0.932598	10.258578	0.060932
425038.811005	0.520550	85.742187	-170.214844
425038.813004	0.857410	85.742187	-170.214844
425038.815004	0.936078	85.742187	-170.214844
425038.817003	0.933161	10.264773	0.075724
425039.827962	0.729504	138.769531	136.621094
425039.829964	0.933931	138.769531	136.621094
425039.831964	0.933616	10.269780	0.085829
425040.908506	0.586416	79.785156	-181.933594
425040.910508	0.895018	79.785156	-181.933594
425040.912510	0.935559	79.785156	-181.933594
425040.914507	0.932831	10.261140	0.084340
425041.890557	0.405847	140.332031	160.058594
425041.892557	0.766250	140.332031	160.058594
425041.894558	0.937301	140.332031	160.058594
425041.896558	0.934912	10.284031	0.118346
425043.005118	0.487523	131.152344	-197.656250
425043.007120	0.834512	131.152344	-197.656250
425043.009120	0.937233	131.152344	-197.656250
425043.011121	0.934121	10.275329	0.103571
425043.989633	0.753285	129.687500	176.464844
425043.991636	0.937153	129.687500	176.464844
425043.993637	0.935408	10.289490	0.608742
425045.102594	0.547720	118.164062	-216.308594
425045.104598	0.874220	118.164062	-216.308594
425045.106607	0.935551	118.164062	-216.308594
425045.108606	0.935266	10.287922	0.095642
425046.087544	0.864167	114.355469	183.007812
425046.089546	0.935817	114.355469	183.007812
425046.091545	0.932834	10.261175	0.080424
425047.199578	0.518164	48.144531	-232.812500
425047.201581	0.534797	48.144531	-232.812500
425047.203581	0.936270	48.144531	-232.812500
425047.205580	0.933289	10.266173	0.082867
425048.181590	0.327027	119.921875	198.046875
425048.183593	0.691879	119.921875	198.046875
425048.185593	0.929942	119.921875	198.046875
425048.187594	0.935344	119.921875	198.046875
425048.189594	0.933027	10.263302	0.080071
425049.263659	0.462668	123.437500	-241.503906
425049.265662	0.815136	123.437500	-241.503906
425049.267662	0.937397	123.437500	-241.503906
425049.271660	0.932389	10.256274	0.122759
425050.279725	0.509950	112.890625	197.167969
425050.281726	0.850105	112.890625	197.167969
425050.283727	0.935851	112.890625	197.167969
425050.285727	0.932630	10.258933	0.072142
425051.361768	0.635668	83.300781	-248.437500
425051.363771	0.914764	83.300781	-248.437500
425051.365770	0.935001	83.300781	-248.437500
425051.367772	0.932481	10.257294	0.091189
425052.376707	0.480054	111.816406	197.460937
425052.378711	0.828791	111.816406	197.460937
425052.380712	0.937235	111.816406	197.460937
425052.382711	0.934172	10.275896	0.070211
425053.458802	0.612192	26.757812	-253.125000
425053.460801	0.906080	26.757812	-253.125000
425053.462801	0.935225	26.757812	-253.125000
425053.464802	0.932556	10.258118	0.072838
425054.470329	1.722785	115.039062	198.437500
425054.475562	0.781067	115.039062	198.437500
425054.477563	0.937405	115.039062	198.437500
425054.479563	0.934716	10.281878	0.069694
425055.523603	0.687467	68.554687	-254.785156
425055.525603	0.927822	68.554687	-254.785156
425055.527604	0.933627	68.554687	-254.785156
425055.529604	0.931439	10.245826	0.129176
425056.571669	0.595500	119.921875	200.683594
425056.573671	0.898850	119.921875	200.683594
425056.575671	0.935041	119.921875	200.683594
425056.577670	0.932331	10.255636	0.067670
425057.619677	0.495588	66.503906	-255.566406
425057.621677	0.840423	66.503906	-255.566406
425057.623677	0.937608	66.503906	-255.566406
425057.625677	0.934775	10.282524	0.101490
425058.667771	0.407094	117.089844	195.703125
425058.671772	0.936448	117.089844	195.703125
425058.673774	0.933900	117.089844	195.703125
425058.675771	0.931933	10.251266	0.064929
425059.716362	0.410690	72.167969	-255.664062
425059.718364	0.770648	72.167969	-255.664062
425059.720365	0.936741	72.167969	-255.664062
425059.722363	0.934250	10.276755	0.090223
425060.765355	0.486112	111.132812	188.964844
425060.767355	0.833152	111.132812	188.964844
425060.769355	0.936290	111.132812	188.964844
425060.771357	0.933081	10.263896	0.052686
425061.813385	0.386223	10.546875	-256.445312
425061.815388	0.747999	10.546875	-256.445312
425061.817388	0.937095	10.546875	-256.445312
425061.819385	0.935700	10.292698	0.081786
425062.829459	0.435304	124.414062	201.953125
425062.831459	0.792213	124.414062	201.953125
425062.833459	0.937126	124.414062	201.953125
425062.835459	0.937096	10.308057	0.096779
425063.877507	0.337202	106.347656	-255.664062
425063.879509	0.701387	106.347656	-255.664062
425063.881509	0.930750	106.347656	-255.664062
425063.883510	0.934047	106.347656	-255.664062
425063.885509	0.931833	10.250168	0.159457
425064.927534	1.997273	120.996094	200.683594
425064.929533	0.901346	120.996094	200.683594
425064.931534	0.934495	120.996094	200.683594
425064.933535	0.932006	10.252065	0.074465
425065.974500	0.305312	119.628906	-254.296875
425065.976502	0.671289	119.628906	-254.296875
425065.978502	0.925052	119.628906	-254.296875
425065.980502	0.934789	119.628906	-254.296875
425065.982499	0.932352	10.255867	0.147632
425067.026543	0.888638	116.601562	197.753906
425067.028546	0.934889	116.601562	197.753906
425067.030545	0.932179	10.253970	0.058858
425068.073480	0.640192	142.773437	-251.269531
425068.075483	0.915937	142.773437	-251.269531
425068.077482	0.934639	142.773437	-251.269531
425068.081481	0.930793	10.238718	0.173324
425069.124025	0.914114	105.175781	184.082031
425069.126025	0.934669	105.175781	184.082031
425069.128025	0.932180	10.253979	0.056938
425070.172074	0.870505	157.324219	-245.507812
425070.174074	0.936225	157.324219	-245.507812
425070.176075	0.933359	10.266953	0.135346
425071.186090	0.578531	122.753906	197.070312
425071.188091	0.890825	122.753906	197.070312
425071.190092	0.935274	122.753906	197.070312
425071.192093	0.932509	10.257604	0.083346
425072.266106	0.335818	154.296875	-238.574219
425072.268106	0.700112	154.296875	-238.574219
425072.270106	0.930462	154.296875	-238.574219
425072.272106	0.933931	154.296875	-238.574219
425072.274107	0.931710	10.248812	0.133011
425073.284678	0.826669	117.871094	184.375000
425073.286679	0.937479	117.871094	184.375000
425073.288679	0.934464	10.279104	0.066744
425074.365221	0.692581	118.945312	-228.808594
425074.367224	0.928860	118.945312	-228.808594
425074.369221	0.933550	118.945312	-228.808594
425074.371222	0.931316	10.244479	0.126568
425075.379325	0.382440	114.843750	169.140625
425075.381325	0.744434	114.843750	169.140625
425075.383326	0.935813	114.843750	169.140625
425075.385327	0.936176	10.297936	0.051476
425076.461362	0.509093	155.371094	-212.792969
425076.463363	0.849363	155.371094	-212.792969
425076.465365	0.935358	155.371094	-212.792969
425076.467365	0.932302	10.255326	0.113953
425077.444283	0.488079	137.011719	164.746094
425077.446284	0.834576	137.011719	164.746094
425077.448286	0.936611	137.011719	164.746094
425077.450286	0.933496	10.268460	0.114976
425078.558895	0.577921	115.820312	-198.925781
425078.560897	0.890539	115.820312	-198.925781
425078.562898	0.935030	115.820312	-198.925781
425078.564896	0.932299	10.255291	0.097140
425079.541493	0.498362	141.796875	145.410156
425079.543496	0.841842	141.796875	145.410156
425079.545496	0.935705	141.796875	145.410156
425079.547495	0.932642	10.259066	0.107859
425080.656043	0.577290	38.183594	-185.742187
425080.658046	0.890290	38.183594	-185.742187
425080.660046	0.935117	38.183594	-185.742187
425080.662045	0.932436	10.256797	0.067435
425081.640063	0.753361	153.027344	130.859375
425081.642063	0.935109	153.027344	130.859375
425081.644064	0.933036	10.263399	0.124434
425082.722665	0.908628	104.003906	-177.148437
425082.724667	0.934582	104.003906	-177.148437
425082.726666	0.932006	10.252065	0.083051
425083.767669	0.334089	146.191406	117.675781
425083.771669	0.930721	146.191406	117.675781
425083.773672	0.934667	146.191406	117.675781
425083.775672	0.932299	10.255291	0.070998
425084.818214	0.690268	-74.218750	-183.984375
425084.820215	0.928915	-74.218750	-183.984375
425084.822214	0.934229	-74.218750	-183.984375
425084.824215	0.931948	10.251427	0.303572
425085.866273	0.598084	151.074219	119.238281
425085.868274	0.899799	151.074219	119.238281
425085.870276	0.934531	151.074219	119.238281
425085.872275	0.931933	10.251258	0.088978
425086.880845	0.371896	4.101562	-199.121094
425086.882847	0.734408	4.101562	-199.121094
425086.884848	0.934943	4.101562	-199.121094
425086.886848	0.934304	10.277349	0.077888
425087.964891	0.844901	152.636719	133.496094
425087.966893	0.935445	152.636719	133.496094
425087.968893	0.932318	10.255494	0.095764
425088.979413	0.628817	-34.179687	-219.628906
425088.981414	0.912493	-34.179687	-219.628906
425088.983413	0.935434	-34.179687	-219.628906
425088.985414	0.932938	10.262319	0.061653
425090.059493	0.402797	141.699219	150.585937
425090.061496	0.763297	141.699219	150.585937
425090.063495	0.936883	141.699219	150.585937
425090.065496	0.934659	10.281248	0.084391
425091.043561	0.588309	59.375000	-240.625000
425091.045563	0.895716	59.375000	-240.625000
425091.047563	0.935171	59.375000	-240.625000
425091.049562	0.932490	10.257391	0.134175
425092.159647	0.893085	127.441406	163.671875
425092.161649	0.935082	127.441406	163.671875
425092.163650	0.932269	10.254963	0.063005
425093.139703	0.406402	103.906250	-254.589844
425093.141706	0.766477	103.906250	-254.589844
425093.143705	0.935954	103.906250	-254.589844
425093.145707	0.933482	10.268301	0.149820
425094.222261	0.625877	134.277344	182.714844
425094.224264	0.910832	134.277344	182.714844
425094.226264	0.934456	134.277344	182.714844
425094.228262	0.931842	10.250257	0.092937
425095.239218	0.822289	105.078125	-261.230469
425095.241222	0.936526	105.078125	-261.230469
425095.243221	0.933368	10.267051	0.145229
425096.319765	0.689471	116.601562	178.808594
425096.321769	0.928565	116.601562	178.808594
425096.323766	0.933991	116.601562	178.808594
425096.327766	0.930621	10.236831	0.313772
425097.333780	0.363573	86.914062	-264.453125
425097.335785	0.726434	86.914062	-264.453125
425097.337783	0.933966	86.914062	-264.453125
425097.339782	0.933874	10.272616	0.147901
425098.415817	0.491542	116.406250	181.933594
425098.417828	0.837098	116.406250	181.933594
425098.419826	0.936404	116.406250	181.933594
425098.421826	0.933286	10.266147	0.052109
425099.432372	0.625693	125.683594	-264.355469
425099.434373	0.910660	125.683594	-264.355469
425099.436375	0.912778	125.683594	-264.355469
425099.438374	0.933997	10.273972	0.135876
425100.480403	0.527488	124.511719	188.085937
425100.482404	0.861591	124.511719	188.085937
425100.484404	0.935171	124.511719	188.085937
425100.486404	0.932206	10.254263	0.101681
425101.530477	0.793218	39.160156	-265.332031
425101.532478	0.936171	39.160156	-265.332031
425101.534478	0.933069	10.263754	0.115345
425102.578530	0.704075	128.906250	187.890625
425102.580534	0.931633	128.906250	187.890625
425102.582534	0.934538	128.906250	187.890625
425102.584532	0.932295	10.255246	0.090769
425103.625152	0.346291	27.734375	-263.769531
425103.627153	0.710064	27.734375	-263.769531
425103.629154	0.932041	27.734375	-263.769531
425103.631153	0.933981	27.734375	-263.769531
425103.633154	0.931699	10.248688	0.090226
425104.675188	0.613753	130.664062	181.347656
425104.679190	0.934211	130.664062	181.347656
425104.681192	0.931788	130.664062	181.347656
425104.683193	0.930416	10.234579	0.091860
425105.723186	0.510706	-42.382812	-257.617187
425105.725188	0.850729	-42.382812	-257.617187
425105.727188	0.936200	-42.382812	-257.617187
425105.729187	0.933164	10.264800	0.067520
425106.771257	0.418267	133.984375	169.531250
425106.773259	0.777289	133.984375	169.531250
425106.775258	0.937976	133.984375	169.531250
425106.777258	0.935441	10.289854	0.103010
425107.787286	0.458350	38.964844	-250.195312
425107.789287	0.811515	38.964844	-250.195312
425107.791288	0.937257	38.964844	-250.195312
425107.793289	0.934157	10.275727	0.105407
425108.871308	0.892146	148.535156	157.617187
425108.873312	0.934840	148.535156	157.617187
425108.875311	0.932099	10.253083	0.104006
425109.884286	0.431778	-4.980469	-231.640625
425109.886288	0.789191	-4.980469	-231.640625
425109.888287	0.937362	-4.980469	-231.640625
425109.890288	0.934459	10.279051	0.076194
425110.966345	0.561227	152.734375	137.792969
425110.968347	0.881743	152.734375	137.792969
425110.970348	0.935273	152.734375	137.792969
425110.974346	0.930950	10.240455	0.100495
425111.982409	0.606603	-53.320312	-209.667969
425111.984410	0.903375	-53.320312	-209.667969
425111.986412	0.934547	-53.320312	-209.667969
425111.988411	0.931956	10.251515	0.066392
425113.064449	0.732954	153.222656	122.070312
425113.066450	0.934910	153.222656	122.070312
425113.068450	0.934356	10.277916	0.083630
425114.079024	0.510543	-3.125000	-192.285156
425114.081025	0.850346	-3.125000	-192.285156
425114.083024	0.935527	-3.125000	-192.285156
425114.085025	0.932390	10.256291	0.067830
425115.163065	0.914786	143.066406	111.523437
425115.167066	0.932041	143.066406	111.523437
425115.169066	0.930710	10.237814	0.054912
425116.177629	0.769959	50.000000	-182.421875
425116.179629	0.936688	50.000000	-182.421875
425116.181629	0.934059	10.274646	0.075385
425117.224211	0.409964	142.285156	114.453125
425117.226213	0.769767	142.285156	114.453125
425117.228212	0.936208	142.285156	114.453125
425117.232211	0.931487	10.246357	0.071242
425118.274228	0.668948	116.992187	-181.542969
425118.276230	0.924235	116.992187	-181.542969
425118.278229	0.934475	116.992187	-181.542969
425118.280230	0.932090	10.252987	0.240056
425119.292238	0.931362	150.878906	124.218750
425119.294240	0.933964	150.878906	124.218750
425119.296240	0.931700	10.248697	0.412925
425120.370836	0.572727	117.187500	-187.988281
425120.372837	0.887741	117.187500	-187.988281
425120.374837	0.934842	117.187500	-187.988281
425120.376836	0.932070	10.252765	0.102750
425121.386907	0.619270	132.714844	128.613281
425121.388909	0.908437	132.714844	128.613281
425121.390909	0.934527	132.714844	128.613281
425121.392909	0.931936	10.251293	0.076151
425122.466919	0.378338	100.976562	-197.265625
425122.468921	0.740553	100.976562	-197.265625
425122.470921	0.935517	100.976562	-197.265625
425122.472921	0.934348	10.277827	0.106532
425123.482945	0.419044	126.953125	137.597656
425123.484947	0.777921	126.953125	137.597656
425123.486948	0.936642	126.953125	137.597656
425123.488947	0.933795	10.271748	0.058034
425124.564943	0.536087	122.265625	-206.640625
425124.568944	0.935042	122.265625	-206.640625
425124.570944	0.932088	122.265625	-206.640625
425124.574943	0.929534	10.224874	0.107493
425125.583480	0.924050	118.554687	142.089844
425125.585481	0.934405	118.554687	142.089844
425125.587480	0.932001	10.252011	0.205552
425126.663510	0.789054	61.035156	-217.187500
425126.665512	0.936484	61.035156	-217.187500
425126.667510	0.933506	10.268566	0.092888
425127.645517	0.605672	131.738281	156.933594
425127.647520	0.902936	131.738281	156.933594
425127.649519	0.934428	131.738281	156.933594
425127.651518	0.931719	10.248910	0.096709
425128.759521	1.490751	103.808594	-222.070312
425128.761522	0.894851	103.808594	-222.070312
425128.763522	0.934756	103.808594	-222.070312
425128.765524	0.932057	10.252623	0.081599
425129.743521	0.759470	132.324219	160.546875
425129.745524	0.936136	132.324219	160.546875
425129.747526	0.934019	10.274211	0.082183
425130.858509	0.879666	66.699219	-225.585937
425130.860511	0.935523	66.699219	-225.585937
425130.862511	0.932646	10.259101	0.073366
425131.843107	0.935431	124.316406	157.031250
425131.845110	0.932279	10.255069	0.068021
425132.923135	0.900175	149.804687	-222.558594
425132.925135	0.934600	149.804687	-222.558594
425132.927135	0.931976	10.251737	0.127755
425133.935689	0.373413	117.773437	150.781250
425133.937690	0.735777	117.773437	150.781250
425133.939690	0.935524	117.773437	150.781250
425133.941689	0.934760	10.282365	0.062384
425135.021760	0.935908	144.824219	-219.726562
425135.023762	0.932728	10.260005	0.115027
425136.034332	0.645418	122.656250	149.121094
425136.036335	0.917519	122.656250	149.121094
425136.038333	0.934557	122.656250	149.121094
425136.040335	0.932096	10.253057	0.051258
425137.114907	0.505599	77.832031	-216.699219
425137.116910	0.846872	77.832031	-216.699219
425137.118910	0.935456	77.832031	-216.699219
425137.120910	0.932304	10.255343	0.101046
425138.098930	0.682183	137.695312	150.390625
425138.100931	0.927041	137.695312	150.390625
425138.102930	0.933872	137.695312	150.390625
425138.104931	0.931600	10.247598	0.320832
425139.212972	0.670462	88.574219	-209.667969
425139.214975	0.924936	88.574219	-209.667969
425139.216976	0.934911	88.574219	-209.667969
425139.218973	0.932557	10.258126	0.251747
425140.195047	0.498406	134.472656	138.671875
425140.197048	0.841896	134.472656	138.671875
425140.199048	0.935805	134.472656	138.671875
425140.201048	0.932682	10.259501	0.095158
425141.309134	0.490328	38.769531	-201.953125
425141.311133	0.836332	38.769531	-201.953125
425141.313132	0.936377	38.769531	-201.953125
425141.315132	0.933178	10.264959	0.070573
425142.295194	0.924448	142.382812	129.882812
425142.297195	0.933326	142.382812	129.882812
425142.299196	0.931047	10.241519	0.253725
425143.373723	0.528044	156.835937	-189.746094
425143.377723	0.935850	156.835937	-189.746094
425143.379723	0.932852	156.835937	-189.746094
425143.381724	0.931174	10.242919	0.112506
425144.391709	0.879594	144.726562	118.457031
425144.393712	0.935766	144.726562	118.457031
425144.395717	0.932894	10.261830	0.098994
425145.471746	0.682539	46.582031	-187.207031
425145.473749	0.926858	46.582031	-187.207031
425145.475748	0.933612	46.582031	-187.207031
425145.477748	0.931388	10.245268	0.074746
425146.485849	0.375475	153.515625	112.402344
425146.487851	0.737669	153.515625	112.402344
425146.489851	0.934810	153.515625	112.402344
425146.491852	0.933719	10.270906	0.112513
425147.535886	0.640363	127.539062	-185.253906
425147.537887	0.915782	127.539062	-185.253906
425147.539888	0.934140	127.539062	-185.253906
425147.541886	0.931667	10.248333	0.135941
425148.616841	0.569536	143.359375	106.542969
425148.618844	0.886071	143.359375	106.542969
425148.620841	0.935028	143.359375	106.542969
425148.622842	0.932208	10.254290	0.059169
425149.632905	1.749255	-0.292969	-195.605469
425149.634906	0.907162	-0.292969	-195.605469
425149.636905	0.934834	-0.292969	-195.605469
425149.640904	0.930768	10.238452	0.069702
425150.712976	0.385878	150.097656	114.062500
425150.714980	0.747470	150.097656	114.062500
425150.718978	0.935787	150.097656	114.062500
425150.720979	0.931933	10.251258	0.071994
425151.697028	0.569780	64.160156	-210.742187
425151.699030	0.886194	64.160156	-210.742187
425151.701030	0.934872	64.160156	-210.742187
425151.703030	0.932056	10.252614	0.116194
425152.811090	1.479384	145.312500	125.000000
425152.813092	0.880795	145.312500	125.000000
425152.815091	0.935158	145.312500	125.000000
425152.817092	0.932318	10.255503	0.072436
425153.797142	0.934114	52.050781	-230.664062
425153.799144	0.932524	10.257763	0.096472
425154.909691	0.814444	134.472656	135.937500
425154.911691	0.936705	134.472656	135.937500
425154.913692	0.933517	10.268682	0.061846
425155.891723	0.641176	4.296875	-249.023437
425155.893725	0.916189	4.296875	-249.023437
425155.895724	0.934371	4.296875	-249.023437
425155.897725	0.931976	10.251737	0.129267
425156.971802	0.412593	144.238281	155.468750
425156.973805	0.772062	144.238281	155.468750
425156.975801	0.936957	144.238281	155.468750
425156.977802	0.934417	10.278589	0.101719
425157.987853	0.457805	-0.097656	-261.035156
425157.989854	0.811057	-0.097656	-261.035156
425157.991855	0.937443	-0.097656	-261.035156
425157.993855	0.934412	10.278527	0.090397
425159.069945	0.591782	132.324219	161.816406
425159.071946	0.896723	132.324219	161.816406
425159.073947	0.934257	132.324219	161.816406
425159.075946	0.931618	10.247802	0.075996
425160.086038	0.643029	1.562500	-268.457031
425160.088038	0.916388	1.562500	-268.457031
425160.090039	0.934010	1.562500	-268.457031
425160.092038	0.931511	10.246623	0.135769
425161.166090	0.410669	123.339844	164.453125
425161.168091	0.770378	123.339844	164.453125
425161.170091	0.937374	123.339844	164.453125
425161.172092	0.935005	10.285049	0.058428
425162.182131	0.450569	2.929687	-271.582031
425162.184131	0.804924	2.929687	-271.582031
425162.186132	0.936877	2.929687	-271.582031
425162.188131	0.933761	10.271376	0.087870
425163.264173	0.576756	120.312500	164.453125
425163.266173	0.890007	120.312500	164.453125
425163.268174	0.935257	120.312500	164.453125
425163.270175	0.932547	10.258020	0.049388
425164.282224	0.908811	-14.062500	-271.093750
425164.284226	0.934636	-14.062500	-271.093750
425164.286226	0.932148	10.253633	0.075629
425165.330285	0.862151	128.320312	167.480469
425165.332287	0.935108	128.320312	167.480469
425165.334287	0.931975	10.251728	0.091709
425166.346315	0.885179	58.496094	-272.167969
425166.348316	0.935336	58.496094	-272.167969
425166.350315	0.932619	10.258809	0.135674
425167.426372	0.694934	135.546875	165.625000
425167.428373	0.929651	135.546875	165.625000
425167.430375	0.934026	135.546875	165.625000
425167.432373	0.931782	10.249600	0.343351
425168.440920	0.469958	29.589844	-267.871094
425168.442923	0.820870	29.589844	-267.871094
425168.444922	0.937285	29.589844	-267.871094
425168.446922	0.937171	10.308881	0.111083
425169.522952	0.591888	137.207031	157.031250
425169.524954	0.897270	137.207031	157.031250
425169.526954	0.934943	137.207031	157.031250
425169.528955	0.932260	10.254856	0.086001
425170.538991	0.635795	-12.500000	-257.714844
425170.540994	0.914409	-12.500000	-257.714844
425170.544993	0.931959	-12.500000	-257.714844
425170.546994	0.930654	10.237194	0.080910
425171.619004	0.394236	142.480469	144.238281
425171.623009	0.936199	142.480469	144.238281
425171.625013	0.934098	142.480469	144.238281
425171.627012	0.932062	10.252685	0.095103
425172.635083	1.024240	-65.820312	-241.503906
425172.637086	0.798787	-65.820312	-241.503906
425172.639086	0.936585	-65.820312	-241.503906
425172.641085	0.933424	10.267663	0.064559
425173.717094	0.564762	153.222656	131.542969
425173.719094	0.883310	153.222656	131.542969
425173.721094	0.934533	153.222656	131.542969
425173.723094	0.931757	10.249326	0.085192
425174.702012	0.870718	75.878906	-226.367187
425174.706012	0.931886	75.878906	-226.367187
425174.708012	0.930341	10.233747	0.119362
425175.814613	0.631641	152.832031	116.796875
425175.816615	0.913119	152.832031	116.796875
425175.818615	0.934741	152.832031	116.796875
425175.820614	0.932212	10.254333	0.074401
425176.797156	0.541480	95.898437	-209.179687
425176.799155	0.869957	95.898437	-209.179687
425176.801154	0.934878	95.898437	-209.179687
425176.803156	0.931942	10.251365	0.113450
425177.878097	0.468575	159.570312	110.253906
425177.880099	0.819981	159.570312	110.253906
425177.882098	0.938450	159.570312	110.253906
425177.884097	0.935532	10.290855	0.103609
425178.930134	0.739820	-6.933594	-196.386719
425178.932135	0.933664	-6.933594	-196.386719
425178.934137	0.931509	10.246596	0.484173
425179.978175	0.913999	150.195312	105.761719
425179.980175	0.933923	150.195312	105.761719
425179.984173	0.930155	10.231709	0.066077
425181.026747	0.641635	33.886719	-191.308594
425181.028746	0.915858	33.886719	-191.308594
425181.030745	0.931600	10.247598	0.062918
425182.040795	0.677418	154.980469	109.667969
425182.042797	0.925733	154.980469	109.667969
425182.044797	0.933656	154.980469	109.667969
425182.046796	0.931394	10.245329	0.292269
425183.122825	0.797719	58.886719	-192.968750
425183.124828	0.936026	58.886719	-192.968750
425183.126825	0.932848	10.261326	0.069284
425184.137352	0.570524	141.308594	113.574219
425184.139355	0.886195	141.308594	113.574219
425184.141362	0.934022	141.308594	113.574219
425184.143367	0.931330	10.244629	0.068134
425185.219394	0.696140	78.417969	-197.949219
425185.221394	0.929708	78.417969	-197.949219
425185.223395	0.933972	78.417969	-197.949219
425185.225395	0.931688	10.248564	0.352191
425186.233390	0.369607	134.960937	120.507812
425186.235394	0.732030	134.960937	120.507812
425186.239392	0.933251	134.960937	120.507812
425186.241394	0.931288	10.244168	0.053298
425187.315404	0.491648	38.964844	-206.054687
425187.317405	0.836679	38.964844	-206.054687
425187.319406	0.935175	38.964844	-206.054687
425187.321405	0.932086	10.252951	0.079776
425188.299441	0.670383	141.406250	131.152344
425188.301442	0.924043	141.406250	131.152344
425188.303442	0.933644	141.406250	131.152344
425188.305443	0.931361	10.244966	0.265387
425189.411476	0.291204	47.753906	-212.207031
425189.413479	0.306030	47.753906	-212.207031
425189.417475	0.934078	47.753906	-212.207031
425189.419478	0.931725	47.753906	-212.207031
425189.421484	0.930483	10.235314	0.080172
425190.395514	0.477113	133.593750	133.886719
425190.397514	0.826264	133.593750	133.886719
425190.399516	0.936838	133.593750	133.886719
425190.403513	0.931921	10.251134	0.074762
425191.509529	0.459937	37.011719	-217.968750
425191.511530	0.812759	37.011719	-217.968750
425191.513532	0.937377	37.011719	-217.968750
425191.515531	0.934261	10.276870	0.074814
425192.493533	0.631519	132.910156	134.863281
425192.495536	0.912453	132.910156	134.863281
425192.497534	0.933649	132.910156	134.863281
425192.499534	0.931174	10.242919	0.066162
425193.574092	0.489209	90.722656	-218.652344
425193.578093	0.935821	90.722656	-218.652344
425193.582092	0.930932	90.722656	-218.652344
425193.584095	0.929821	10.228030	0.118682
425194.590149	0.534749	123.046875	130.566406
425194.594148	0.934786	123.046875	130.566406
425194.596152	0.931889	123.046875	130.566406
425194.598150	0.930374	10.234118	0.054448
425195.672212	0.664087	122.558594	-215.820312
425195.674208	0.922652	122.558594	-215.820312
425195.676211	0.933934	122.558594	-215.820312
425195.678211	0.931598	10.247580	0.231187
425196.687155	0.509213	127.929687	130.664062
425196.689158	0.849376	127.929687	130.664062
425196.691158	0.935377	127.929687	130.664062
425196.693157	0.932218	10.254395	0.047435
425197.768132	0.442276	66.992187	-213.476562
425197.770132	0.797980	66.992187	-213.476562
425197.772133	0.936150	66.992187	-213.476562
425197.774133	0.933013	10.263143	0.090250
425198.752153	0.618649	148.339844	134.082031
425198.754155	0.907793	148.339844	134.082031
425198.756154	0.933778	148.339844	134.082031
425198.758153	0.931308	10.244390	0.116510
425199.866718	0.702399	23.730469	-208.691406
425199.868721	0.930719	23.730469	-208.691406
425199.870720	0.933771	23.730469	-208.691406
425199.872721	0.931517	10.246685	0.371681
425200.848799	0.528586	142.968750	125.292969
425200.850800	0.861781	142.968750	125.292969
425200.852800	0.934429	142.968750	125.292969
425200.854802	0.931400	10.245400	0.105578
425201.930851	0.657034	148.339844	-198.925781
425201.934855	0.933239	148.339844	-198.925781
425201.936856	0.931059	148.339844	-198.925781
425201.938856	0.929788	10.227667	0.218081
425202.945815	0.505975	147.949219	118.359375
425202.949817	0.935489	147.949219	118.359375
425202.951825	0.932335	147.949219	118.359375
425202.953828	0.930729	10.238018	0.096816
425204.027835	0.625010	72.265625	-193.847656
425204.029838	0.910323	72.265625	-193.847656
425204.031839	0.934081	72.265625	-193.847656
425204.033838	0.931515	10.246668	0.090720
425205.043916	0.674211	154.882812	111.035156
425205.045918	0.924902	154.882812	111.035156
425205.047918	0.933779	154.882812	111.035156
425205.049917	0.931456	10.246012	0.276095
425206.123975	0.444954	18.164062	-191.796875
425206.125978	0.800211	18.164062	-191.796875
425206.129977	0.933691	18.164062	-191.796875
425206.131978	0.931900	10.250903	0.061562
425207.172546	0.444153	138.281250	101.367187
425207.174549	0.799539	138.281250	101.367187
425207.176548	0.936933	138.281250	101.367187
425207.178549	0.933811	10.271916	0.050730
425208.188613	0.491163	35.449219	-193.945312
425208.190614	0.836624	35.449219	-193.945312
425208.192616	0.935800	35.449219	-193.945312
425208.194615	0.932509	10.257604	0.090190
425209.270714	0.625733	151.074219	103.710937
425209.272717	0.910669	151.074219	103.710937
425209.274716	0.934122	151.074219	103.710937
425209.276716	0.931627	10.247899	0.060335
425210.287259	0.758750	-60.546875	-203.417969
425210.289260	0.935081	-60.546875	-203.417969
425210.291258	0.932798	10.260777	0.061326
425211.371309	0.934897	155.468750	111.718750
425211.373311	0.931927	155.468750	111.718750
425211.375311	0.930443	10.234872	0.071107
425212.349846	0.435999	76.367187	-219.824219
425212.351847	0.450965	76.367187	-219.824219
425212.355848	0.933542	76.367187	-219.824219
425212.357848	0.931751	10.249265	0.111467
425213.464823	0.591467	147.949219	121.191406
425213.466826	0.896568	147.949219	121.191406
425213.468825	0.934186	147.949219	121.191406
425213.470825	0.931547	10.247022	0.070873
425214.446887	0.416176	12.109375	-238.574219
425214.448889	0.775123	12.109375	-238.574219
425214.450889	0.936555	12.109375	-238.574219
425214.452894	0.933908	10.272988	0.087962
425215.560962	0.408846	143.554687	134.375000
425215.562964	0.768754	143.554687	134.375000
425215.564965	0.936404	143.554687	134.375000
425215.566965	0.933689	10.270578	0.060482
425216.543524	0.317602	-5.664062	-253.515625
425216.547524	0.693303	-5.664062	-253.515625
425216.549525	0.934151	-5.664062	-253.515625
425216.551527	0.931887	10.250762	0.077526
425217.627540	0.797804	151.367187	149.609375
425217.629541	0.935233	151.367187	149.609375
425217.631542	0.932051	10.252561	0.103103
425218.644096	0.889320	11.718750	-266.796875
425218.646097	0.934648	11.718750	-266.796875
425218.648096	0.931903	10.250931	0.078929
425219.722691	0.442480	135.644531	153.906250
425219.724694	0.798222	135.644531	153.906250
425219.726693	0.936761	135.644531	153.906250
425219.728693	0.933651	10.270162	0.077211
425220.740746	0.833845	-20.996094	-271.289062
425220.742749	0.936127	-20.996094	-271.289062
425220.744748	0.933033	10.263364	0.074983
425221.820830	0.618984	127.734375	155.078125
425221.822831	0.908103	127.734375	155.078125
425221.824831	0.934059	127.734375	155.078125
425221.826832	0.931641	10.248050	0.063726
425222.834859	0.292469	-16.699219	-273.632812
425222.836859	0.306500	-16.699219	-273.632812
425222.838860	0.921299	-16.699219	-273.632812
425222.840860	0.934244	-16.699219	-273.632812
425222.842860	0.931757	10.249326	0.069597
425223.918864	0.776638	125.781250	154.589844
425223.920867	0.935502	125.781250	154.589844
425223.922868	0.932687	10.259554	0.057931
425224.900908	0.597238	60.742187	-275.976562
425224.904906	0.934217	60.742187	-275.976562
425224.906907	0.931620	60.742187	-275.976562
425224.908907	0.930272	10.232993	0.130472
425225.980982	0.365871	143.164062	159.765625
425225.982983	0.728452	143.164062	159.765625
425225.986982	0.932925	143.164062	159.765625
425225.988983	0.930926	10.240189	0.105374
425226.997039	0.414932	37.890625	-273.339844
425226.999039	0.773987	37.890625	-273.339844
425227.001039	0.936210	37.890625	-273.339844
425227.003039	0.933405	10.267449	0.111580
425228.081101	0.872496	146.972656	153.808594
425228.083104	0.934565	146.972656	153.808594
425228.085105	0.931686	10.248547	0.096325
425229.095626	0.673497	6.738281	-266.113281
425229.097626	0.926531	6.738281	-266.113281
425229.099628	0.936325	6.738281	-266.113281
425229.101627	0.933952	10.273477	0.263981
425230.175664	0.439518	145.800781	142.089844
425230.177668	0.795667	145.800781	142.089844
425230.179667	0.936858	145.800781	142.089844
425230.181668	0.933794	10.271730	0.098309
425231.193688	0.827287	-1.953125	-252.832031
425231.195690	0.936055	-1.953125	-252.832031
425231.197692	0.932856	10.261415	0.062428
425232.275721	0.900935	158.300781	130.566406
425232.277723	0.934144	158.300781	130.566406
425232.279724	0.931608	10.247687	0.095810
425233.255733	0.415083	34.375000	-239.746094
425233.257734	0.774098	34.375000	-239.746094
425233.261732	0.933342	34.375000	-239.746094
425233.263734	0.931566	10.247226	0.127746
425234.369796	0.407635	152.734375	114.941406
425234.371802	0.767455	152.734375	114.941406
425234.373811	0.936533	152.734375	114.941406
425234.375813	0.934062	10.274681	0.087203
425235.353838	0.588163	48.437500	-221.289062
425235.355840	0.894994	48.437500	-221.289062
425235.357840	0.934105	48.437500	-221.289062
425235.359838	0.931459	10.246047	0.113420
425236.467876	0.575896	145.800781	102.929687
425236.469877	0.888756	145.800781	102.929687
425236.471878	0.933652	145.800781	102.929687
425236.473879	0.931062	10.241687	0.061930
425237.449884	0.388596	91.015625	-208.007812
425237.451886	0.749788	91.015625	-208.007812
425237.453887	0.935746	91.015625	-208.007812
425237.455888	0.934037	10.274406	0.115683
425238.533950	0.856203	158.691406	102.441406
425238.535951	0.935256	158.691406	102.441406
425238.537952	0.932128	10.253403	0.087206
425239.581993	0.780546	-44.628906	-198.535156
425239.583993	0.935871	-44.628906	-198.535156
425239.585995	0.932859	10.261450	0.057502
425240.630030	0.687969	147.265625	100.683594
425240.632032	0.927437	147.265625	100.683594
425240.634033	0.932990	147.265625	100.683594
425240.636033	0.930879	10.239666	0.055272
425241.678568	0.679416	16.503906	-197.949219
425241.680569	0.926145	16.503906	-197.949219
425241.684567	0.931330	16.503906	-197.949219
425241.686570	0.930177	10.231947	0.270939
425242.694643	0.727591	145.117187	104.687500
425242.696644	0.933541	145.117187	104.687500
425242.698645	0.933294	10.266235	0.494205
425243.776676	0.837911	30.761719	-200.390625
425243.778677	0.935212	30.761719	-200.390625
425243.780678	0.932101	10.253111	0.074416
425244.790764	0.544235	137.988281	109.472656
425244.792767	0.871642	137.988281	109.472656
425244.794766	0.934475	137.988281	109.472656
425244.796766	0.931591	10.247500	0.058533
425245.872840	0.674400	75.390625	-203.808594
425245.874841	0.925495	75.390625	-203.808594
425245.876842	0.934453	75.390625	-203.808594
425245.878840	0.932084	10.252924	0.258974
425246.888912	0.719766	133.691406	114.355469
425246.890911	0.933110	133.691406	114.355469
425246.892912	0.933388	133.691406	114.355469
425246.894912	0.931178	10.242954	0.045108
425247.969436	0.575001	83.203125	-209.375000
425247.971438	0.888477	83.203125	-209.375000
425247.973438	0.934201	83.203125	-209.375000
425247.975438	0.931613	10.247740	0.075733
425248.951463	0.391612	147.265625	124.707031
425248.953464	0.752576	147.265625	124.707031
425248.955466	0.935754	147.265625	124.707031
425248.957470	0.933877	10.272643	0.091656
425250.066431	0.547088	50.000000	-214.550781
425250.068433	0.873825	50.000000	-214.550781
425250.070437	0.935656	50.000000	-214.550781
425250.072436	0.932766	10.260431	0.071843
425251.050981	0.811686	140.820312	124.218750
425251.052981	0.935638	140.820312	124.218750
425251.054983	0.932364	10.256000	0.074769
425252.135537	0.932898	153.906250	-212.695312
425252.137538	0.932791	153.906250	-212.695312
425252.139539	0.929513	10.224645	0.117869
425253.146131	0.459191	135.742187	122.460937
425253.148133	0.811942	135.742187	122.460937
425253.150133	0.817772	135.742187	122.460937
425253.152134	0.932872	10.261592	0.062137
425254.228153	0.581345	127.246094	-212.500000
425254.230154	0.891651	127.246094	-212.500000
425254.232156	0.934109	127.246094	-212.500000
425254.234157	0.931359	10.244948	0.109226
425255.244739	0.715870	134.570312	118.945312
425255.246743	0.931906	134.570312	118.945312
425255.248741	0.932351	134.570312	118.945312
425255.254741	0.928302	10.211325	0.057371
425256.327309	0.890437	49.609375	-211.035156
425256.329312	0.934279	49.609375	-211.035156
425256.331310	0.931660	10.248262	0.089615
425257.341347	0.621175	129.785156	112.207031
425257.343349	0.909302	129.785156	112.207031
425257.345349	0.934806	129.785156	112.207031
425257.347351	0.932171	10.253881	0.049609
425258.421398	0.386787	40.820312	-206.054687
425258.423400	0.748041	40.820312	-206.054687
425258.425399	0.934490	40.820312	-206.054687
425258.427399	0.932592	10.258516	0.075829
425259.437416	0.423650	130.859375	106.347656
425259.439417	0.781895	130.859375	106.347656
425259.443416	0.934357	130.859375	106.347656
425259.445419	0.932380	10.256177	0.052438
425260.487464	0.691593	129.785156	-199.804687
425260.489467	0.928033	129.785156	-199.804687
425260.491466	0.932816	129.785156	-199.804687
425260.495464	0.929537	10.224911	0.118691
425261.542026	0.933629	134.375000	100.781250
425261.546027	0.929470	10.224175	0.287051
425262.584038	0.585458	85.449219	-198.339844
425262.586040	0.893523	85.449219	-198.339844
425262.588040	0.896129	85.449219	-198.339844
425262.590041	0.931016	10.241173	0.087419
425263.634091	0.837572	139.355469	97.167969
425263.636091	0.935498	139.355469	97.167969
425263.638091	0.932293	10.255228	0.054664
425264.682109	0.752145	1.757812	-199.511719
425264.684110	0.935040	1.757812	-199.511719
425264.686110	0.933060	10.263657	0.584222
425265.732100	0.918059	147.460937	97.070312
425265.734102	0.933969	147.460937	97.070312
425265.736102	0.931473	10.246206	0.071797
425266.744149	0.324433	23.339844	-207.031250
425266.746149	0.339888	23.339844	-207.031250
425266.748152	0.927243	23.339844	-207.031250
425266.750150	0.932564	23.339844	-207.031250
425266.752150	0.930424	10.234668	0.083938
425267.826190	0.454251	162.109375	102.832031
425267.828189	0.807827	162.109375	102.832031
425267.830190	0.936463	162.109375	102.832031
425267.832190	0.933281	10.266093	0.083254
425268.842207	0.494887	-11.914062	-220.019531
425268.844210	0.509092	-11.914062	-220.019531
425268.846208	0.936443	-11.914062	-220.019531
425268.848209	0.933339	10.266731	0.059628
425269.925151	0.779117	151.269531	109.667969
425269.927152	0.935971	151.269531	109.667969
425269.929154	0.933136	10.264499	0.082657
