num crossings	time (s)	maj axis (mm)	min axis (mm)	theta (rad )	slope (V/s)
2285	424970.559122	49.878326	7.982403	1.694168	4.421312
2287	424972.660313	50.655397	8.040900	1.650179	5.226792
2289	424974.757548	51.096954	9.237607	1.698807	4.936657
2291	424976.856254	51.442034	7.893370	1.699488	5.239517
2293	424978.945554	54.422032	9.242884	1.682285	4.975137
2295	424981.038220	54.771742	8.823891	1.682676	4.802069
2297	424983.131062	54.859086	8.746469	1.680346	5.261748
2299	424985.220441	55.213471	8.823389	1.680480	4.801189
2301	424987.308038	55.260971	8.782905	1.681466	5.426759
2303	424989.390164	55.256201	8.631341	1.686011	4.673961
2305	424991.472425	55.364189	8.596586	1.689407	5.061239
2307	424993.555102	51.732586	6.874981	1.697707	4.525338
2309	424995.632295	54.531373	8.293644	1.700476	4.542701
2311	424997.719177	51.242662	7.036739	1.647330	5.039612
2313	424999.812698	51.584354	9.148536	1.692320	4.833705
2315	425001.914423	53.612023	7.734854	1.686817	4.858944
2317	425004.023496	50.826187	7.365714	1.671807	6.016503
2319	425006.131991	51.306378	7.679854	1.699397	5.095302
2321	425008.230116	50.689470	6.521057	1.686291	5.261970
2323	425010.314000	52.423764	7.756357	1.705583	5.441680
2325	425012.390025	55.692999	7.953669	1.694149	4.675724
2327	425014.474959	51.767674	6.699435	1.708276	4.727991
2329	425016.556801	55.067603	7.848009	1.703586	4.785831
2331	425018.643667	51.396793	6.889649	1.696739	5.130737
2333	425020.733364	50.589765	3.494738	1.770493	4.971311
2335	425022.826628	51.219256	6.488224	1.664540	4.865418
2337	425024.926705	51.133911	6.907400	1.714632	4.680890
2339	425027.025969	55.202123	7.620608	1.703219	4.913390
2341	425029.129950	51.356143	6.754858	1.663037	4.827674
2343	425031.232347	52.043300	6.305758	1.738200	5.002552
2345	425033.326326	54.919423	7.300326	1.707258	5.296227
2347	425035.409362	52.667499	5.972990	1.712921	5.119659
2349	425037.483920	54.543075	6.889612	1.694743	5.713716
2351	425039.559562	51.709236	6.166368	1.678947	5.648761
2353	425041.640756	52.216209	13.956518	1.665648	5.428107
2355	425043.728291	51.870146	5.653754	1.673495	5.149263
2357	425045.822458	51.563482	6.280036	1.679788	5.292694
2359	425047.917721	51.477243	6.408795	1.686415	4.861749
2361	425050.015762	53.194560	3.078944	1.767960	4.831584
2363	425052.114144	55.271813	7.076343	1.707970	5.001355
2365	425054.208164	55.458952	7.118067	1.709598	4.841888
2367	425056.303876	55.713477	7.005786	1.708914	4.823411
2369	425058.395536	55.530222	7.282249	1.707882	4.756402
2371	425060.485843	56.000745	6.800019	1.711932	4.870908
2373	425062.578292	55.549788	6.990085	1.710723	4.846020
2375	425064.666894	52.392700	5.599876	1.722073	4.791254
2377	425066.755361	52.050191	5.908470	1.709907	4.780330
2379	425068.840892	52.117338	6.851822	1.715224	4.825910
2381	425070.927900	52.322688	5.763314	1.728209	4.972444
2383	425073.014592	52.148302	5.892145	1.713819	4.832485
2385	425075.103134	52.835356	3.465173	1.760539	4.970763
2387	425077.192848	54.753500	6.391583	1.714989	4.814654
2389	425079.288347	54.679325	6.294074	1.710588	5.247354
2391	425081.388717	51.697750	6.153452	1.698167	5.301691
2393	425083.493638	52.194380	5.349549	1.718220	5.397573
2395	425085.599258	54.903416	6.198634	1.702876	5.472344
2397	425087.701157	50.864341	5.344313	1.688685	5.322078
2399	425089.794240	53.749137	10.128863	1.722000	5.374748
2401	425091.880410	52.747742	5.417472	1.691269	5.144149
2403	425093.964479	54.567011	5.718103	1.758133	4.835088
2405	425096.050443	52.689739	5.063892	1.726857	4.844432
2407	425098.138782	56.591510	6.232032	1.720614	4.919451
2409	425100.229891	56.708624	6.093809	1.723795	4.976804
2411	425102.322381	52.278268	4.962082	1.732287	4.985563
2413	425104.418594	52.116414	4.721134	1.732927	4.948908
2415	425106.518042	56.241818	6.218288	1.723615	5.072074
2417	425108.615720	51.455000	5.295607	1.681405	5.017333
2419	425110.709793	54.059843	8.471397	1.731190	5.231070
2421	425112.797117	51.732318	5.234645	1.677980	5.557376
2423	425114.878212	52.811693	5.682049	1.719040	5.446269
2425	425116.955712	53.360033	4.719039	1.723482	5.501672
2427	425119.036583	52.508624	4.999663	1.702415	5.600790
2429	425121.121784	53.243847	12.943636	1.681058	5.743968
2431	425123.209427	54.845388	5.601617	1.709925	5.104101
2433	425125.299394	52.499859	4.225670	1.686536	5.363133
2435	425127.391036	52.533587	5.028373	1.741181	4.905314
2437	425129.481815	52.609478	4.361128	1.691095	4.832281
2439	425131.573323	52.523126	4.827384	1.740917	5.024461
2441	425133.663760	52.882961	3.917589	1.732336	5.064960
2443	425135.755975	55.432060	5.410896	1.724004	5.121963
2445	425137.847397	55.161678	5.344144	1.722000	5.207173
2447	425139.939581	54.685902	5.671018	1.719087	5.099217
2449	425142.034515	52.254449	4.776930	1.698184	4.910902
2451	425144.132315	51.866963	5.144263	1.719063	5.388476
2453	425146.233984	53.505153	13.143060	1.677550	5.546733
2455	425148.337718	55.408935	5.108076	1.716697	5.211288
2457	425150.439454	55.369333	5.288369	1.713380	5.604148
2459	425152.538061	55.592024	5.444696	1.715802	5.726284
2461	425154.629722	51.480608	4.964036	1.722144	5.032968
2463	425156.717406	54.034379	7.219515	1.755408	4.951327
2465	425158.805399	56.790343	5.411410	1.725672	5.011543
2467	425160.892882	56.609590	5.474101	1.728589	4.991395
2469	425162.981846	56.641834	5.408624	1.727925	4.989814
2471	425165.072463	52.580058	4.254549	1.729615	5.141617
2473	425167.167185	52.781639	4.032400	1.747655	5.046870
2475	425169.263816	56.920116	5.232713	1.734478	5.266138
2477	425171.359545	56.578613	5.349962	1.735487	5.104505
2479	425173.453801	56.131591	5.243853	1.730364	5.392526
2481	425175.542898	53.865734	3.023010	1.739531	5.196138
2483	425177.626303	55.567590	4.741071	1.727697	5.282582
2485	425179.706266	53.242744	3.687845	1.725941	5.900030
2487	425181.787748	53.543283	3.743346	1.734744	5.535222
2489	425183.871310	53.145829	3.390970	1.737448	5.399875
2491	425185.955965	55.643944	4.610950	1.722054	5.432722
2493	425188.043615	55.136353	4.783033	1.720860	5.269496
2495	425190.132672	52.922776	2.987335	1.737328	5.164100
2497	425192.225249	55.295753	4.581488	1.726755	4.894470
2499	425194.317163	55.252310	4.592369	1.727165	4.958459
2501	425196.408855	55.610425	4.593310	1.727379	5.340609
2503	425198.501143	55.242683	4.606611	1.727610	5.223251
2505	425200.594799	55.262603	4.421053	1.727495	4.975334
2507	425202.690619	55.043732	4.376100	1.728208	4.914814
2509	425204.788987	55.217470	4.480982	1.726395	5.728334
2511	425206.890602	55.002471	4.479380	1.724370	5.558780
2513	425208.992551	55.523598	4.525862	1.721587	5.211635
2515	425211.093888	52.213768	3.095058	1.722865	5.402207
2517	425213.190922	55.857904	9.951667	1.743958	5.352767
2519	425215.283326	56.850433	4.779297	1.721352	5.147359
2521	425217.370733	52.099856	3.471810	1.709492	4.922574
2523	425219.459038	53.512712	3.640590	1.748299	5.236147
2525	425221.548024	52.910102	2.705055	1.742461	4.933464
2527	425223.638551	52.895327	3.413383	1.734541	4.956654
2529	425225.729724	53.522213	1.276438	1.790248	4.949865
2531	425227.824644	52.606876	3.454547	1.704808	5.086160
2533	425229.920101	54.760595	3.795461	1.772543	5.165655
2535	425232.014288	52.011473	3.268129	1.746312	4.994426
2537	425234.106079	55.527471	7.866200	1.751902	5.366435
2539	425236.191323	55.790502	4.318958	1.733664	5.335731
2541	425238.272974	53.175231	3.852500	1.714687	5.272683
2543	425240.353256	53.886821	2.848593	1.738421	5.817175
2545	425242.435433	53.293744	3.598452	1.721803	5.477972
2547	425244.521645	53.354412	3.043893	1.742742	5.222058
2549	425246.606715	55.807879	3.859132	1.728991	5.226800
2551	425248.696486	55.336213	3.951864	1.727111	4.975171
2553	425250.785712	52.548018	2.803121	1.701836	4.793154
2555	425252.877910	52.910713	3.067996	1.753508	4.980104
2557	425254.971264	55.434064	3.857964	1.731175	5.307494
2559	425257.063697	52.840427	1.955830	1.743742	5.304820
2561	425259.158416	55.148010	4.467704	1.729369	5.270237
2563	425261.256407	55.346188	3.770884	1.733612	5.100238
2565	425263.356090	52.833497	3.744588	1.725929	5.467034
2567	425265.457750	52.551090	2.800890	1.728941	5.514286
2569	425267.559049	52.958576	2.980864	1.744745	5.039832
