time (s)	energy (uJ)	charge (mC)	voltage (mV)	crossing#mod 255
425557.399383	15.195130	0.010239	1.484011	24
425558.415403	15.059751	0.010245	1.469900	25
425559.495546	16.159964	0.010237	1.578569	26
425560.511590	11.781639	0.010253	1.149129	27
425561.591987	16.285965	0.010243	1.589947	28
425562.609546	10.999307	0.010243	1.073882	29
425563.664543	22.709919	0.010269	2.211508	30
425564.704757	10.802502	0.010267	1.052181	31
425565.786823	11.988543	0.010234	1.171453	32
425566.769225	19.952271	0.010244	1.947688	33
425567.883317	11.088118	0.010305	1.076008	34
425568.868528	16.583223	0.010237	1.619885	35
425570.002516	8.771925	0.010261	0.854893	36
425570.963732	14.272861	0.010238	1.394130	37
425572.079369	9.419181	0.010247	0.919197	38
425573.061477	12.287462	0.010236	1.200424	39
425574.143945	14.451403	0.010245	1.410627	40
425575.158559	11.799593	0.010219	1.154677	41
425576.241327	12.049266	0.010237	1.176991	42
425577.255645	13.213566	0.010235	1.291073	43
425578.305497	14.537718	0.010233	1.420693	44
425579.384746	9.505277	0.010238	0.928394	45
425580.402176	9.181930	0.010259	0.894999	46
425581.482434	11.997926	0.010241	1.171553	47
425582.466220	12.270905	0.010249	1.197321	48
425583.579505	13.760098	0.010240	1.343737	49
425584.562491	8.899956	0.010236	0.869461	50
425585.646251	20.383940	0.010256	1.987552	51
425586.665148	8.236545	0.010219	0.806015	52
425587.740827	13.961555	0.010243	1.363065	53
425588.813168	5.210704	0.010260	0.507846	54
425589.805033	15.292834	0.010264	1.490005	55
425590.887096	10.515658	0.010237	1.027189	56
425591.869521	18.981346	0.010252	1.851507	57
425592.983585	12.613426	0.010269	1.228248	58
425593.968817	15.876040	0.010237	1.550844	59
425595.102740	7.817809	0.010260	0.761959	60
425596.098172	8.874344	0.010240	0.866617	61
425597.146308	11.558630	0.010247	1.128023	62
425598.197327	10.288940	0.010249	1.003912	63
425599.211688	14.784381	0.010234	1.444657	64
425600.290610	13.107400	0.010253	1.278453	65
425601.306549	11.012589	0.010263	1.073007	66
425602.390197	14.271314	0.010230	1.394983	67
425603.403870	7.968188	0.010248	0.777501	68
425604.485652	14.489263	0.010237	1.415446	69
425605.469501	15.079623	0.010247	1.471557	70
425606.581699	13.681240	0.010211	1.339871	71
425607.543565	23.260292	0.010238	2.271947	72
425608.680152	11.415023	0.010220	1.116977	73
425609.662610	13.228140	0.010226	1.293537	74
425610.743501	15.691843	0.010234	1.533355	75
425611.759434	14.608303	0.010244	1.426063	76
425612.841185	11.120541	0.010243	1.085621	77
425613.857453	17.006464	0.010239	1.660977	78
425614.905989	14.281788	0.010225	1.396794	79
425615.987900	10.343693	0.010255	1.008620	80
425617.002515	9.333908	0.010260	0.909765	81
425618.084233	12.131616	0.010240	1.184750	82
425619.067219	16.927237	0.010237	1.653504	83
425620.183230	9.456226	0.010236	0.923830	84
425621.164028	19.026396	0.010248	1.856629	85
425622.247431	9.742418	0.010239	0.951498	86
425623.294618	13.107931	0.010231	1.281151	87
425624.344400	5.304084	0.010228	0.518581	88
425625.388052	17.365456	0.010265	1.691786	89
425626.407330	6.922846	0.010244	0.675824	90
425627.464086	28.223364	0.010242	2.755662	91
425628.505181	5.179287	0.010248	0.505410	92
425629.585941	17.029232	0.010244	1.662291	93
425630.568701	13.486378	0.010238	1.317226	94
425631.682860	14.864793	0.010210	1.455847	95
425632.665839	14.806857	0.010239	1.446092	96
425633.779906	10.602101	0.010243	1.035107	97
425634.763559	15.547321	0.010229	1.519958	98
425635.844427	12.490113	0.010239	1.219804	99
425636.860370	16.129402	0.010236	1.575691	100
425637.940967	9.920776	0.010254	0.967532	101
425638.957195	17.891600	0.010241	1.747005	102
425640.004818	15.879789	0.010247	1.549769	103
425641.056318	16.481298	0.010230	1.611055	104
425642.104843	12.004832	0.010238	1.172568	105
425643.151731	17.061317	0.010239	1.666334	106
425644.203461	9.454777	0.010255	0.921990	107
425645.249616	15.430767	0.010261	1.503827	108
425646.297750	9.115158	0.010225	0.891424	109
425647.346305	13.589939	0.010236	1.327621	110
425648.394545	8.244210	0.010223	0.806466	111
425649.442821	12.319177	0.010267	1.199875	112
425650.458757	15.919877	0.010238	1.555009	113
425651.542192	9.116865	0.010238	0.890529	114
425652.555629	15.769993	0.010254	1.537930	115
425653.607556	14.027958	0.010251	1.368446	116
425654.652458	16.294361	0.010237	1.591780	117
425655.701570	11.424119	0.010221	1.117745	118
425656.750116	17.180037	0.010264	1.673806	119
425657.798374	8.029336	0.010260	0.782574	120
425658.880116	10.335465	0.010244	1.008926	121
425659.862887	12.441609	0.010262	1.212425	122
425660.975660	11.023643	0.010260	1.074427	123
425661.960831	8.343091	0.010239	0.814853	124
425663.041723	19.707846	0.010244	1.923931	125
425664.057652	6.317536	0.010235	0.617221	126
425665.139009	18.546360	0.010226	1.813567	127
425666.154210	6.298722	0.010261	0.613875	128
425667.235968	13.228608	0.010247	1.290951	129
425668.251914	7.165526	0.010222	0.700992	130
425669.300216	17.604534	0.010259	1.716010	131
425670.349744	10.067849	0.010266	0.980695	132
425671.364426	21.003365	0.010257	2.047691	133
425672.447772	13.414983	0.010239	1.310244	134
425673.463781	13.221155	0.010236	1.291609	135
425674.543941	16.151281	0.010232	1.578541	136
425675.560783	10.337751	0.010242	1.009334	137
425676.640971	14.041741	0.010228	1.372808	138
425677.656025	10.312895	0.010269	1.004304	139
425678.739412	10.388309	0.010234	1.015127	140
425679.755400	11.491265	0.010233	1.122946	141
425680.803971	14.333931	0.010236	1.400357	142
425681.852138	12.110539	0.010237	1.183044	143
425682.902743	10.193562	0.010247	0.994803	144
425683.947403	13.469230	0.010266	1.311983	145
425684.996854	8.418584	0.010235	0.822567	146
425686.046802	12.160101	0.010236	1.187948	147
425687.061029	16.652908	0.010222	1.629086	148
425688.144851	9.919028	0.010255	0.967236	149
425689.159434	15.293203	0.010239	1.493664	150
425690.206696	16.092155	0.010234	1.572411	151
425691.254931	17.387791	0.010260	1.694673	152
425692.303064	12.564799	0.010222	1.229169	153
425693.352256	17.834833	0.010219	1.745297	154
425694.402066	8.115125	0.010245	0.792092	155
425695.482660	10.209086	0.010234	0.997586	156
425696.465645	14.043262	0.010233	1.372327	157
425697.554927	16.364100	0.010255	1.595760	158
425698.564122	12.665195	0.010231	1.237956	159
425699.647640	12.268181	0.010209	1.201742	160
425700.660832	14.232834	0.010266	1.386394	161
425701.741103	8.072419	0.010237	0.788557	162
425702.779816	11.670512	0.010239	1.139807	163
425703.805630	10.060017	0.010236	0.982822	164
425704.853600	21.032764	0.010220	2.057986	165
425705.902144	6.142090	0.010263	0.598494	166
425706.954957	22.116856	0.010228	2.162437	167
425707.968526	9.559326	0.010235	0.933959	168
425709.081187	12.060608	0.010239	1.177876	169
425710.063683	8.741793	0.010251	0.852810	170
425711.145731	22.372734	0.010221	2.188858	171
425712.160515	7.776733	0.010251	0.758610	172
425713.243795	18.859419	0.010245	1.840911	173
425714.258361	7.614790	0.010219	0.745144	174
425715.362655	9.268617	0.010259	0.903455	175
425716.322692	15.219437	0.010237	1.486650	176
425717.441953	13.321378	0.010236	1.301399	177
425718.420051	15.000395	0.010233	1.465951	178
425719.511646	18.445744	0.010259	1.798054	179
425720.517162	12.151455	0.010222	1.188796	180
425721.606469	17.745718	0.010233	1.734156	181
425722.614056	10.453638	0.010224	1.022498	182
425723.694839	18.884903	0.010251	1.842284	183
425724.710803	8.861749	0.010242	0.865236	184
425725.794151	16.651501	0.010240	1.626096	185
425726.787103	13.522427	0.010238	1.320790	186
425727.891241	15.754373	0.010239	1.538718	187
425728.872430	14.145830	0.010250	1.380040	188
425729.987906	15.039646	0.010286	1.462169	189
425730.971728	11.012119	0.010234	1.076074	190
425732.083505	14.006527	0.010251	1.366352	191
425733.068767	9.194158	0.010231	0.898614	192
425734.149338	21.053692	0.010231	2.057921	193
425735.165401	8.475028	0.010248	0.826996	194
425736.246044	17.522343	0.010231	1.712741	195
425737.262086	9.950410	0.010259	0.969929	196
425738.344035	11.923670	0.010230	1.165522	197
425739.358798	11.334100	0.010234	1.107471	198
425740.407382	15.925815	0.010239	1.555421	199
425741.487961	7.170227	0.010266	0.698439	200
425742.491313	15.329010	0.010241	1.496820	201
425743.585131	9.811390	0.010287	0.953750	202
425744.568739	15.385339	0.010236	1.503036	203
425745.682527	10.213813	0.010220	0.999377	204
425746.666603	12.337261	0.010253	1.203330	205
425747.747355	15.863887	0.010231	1.550624	206
425748.762640	11.204438	0.010254	1.092698	207
425749.844670	12.971689	0.010214	1.270014	208
425750.837630	18.105551	0.010267	1.763431	209
425751.942693	9.134418	0.010241	0.891953	210
425752.956703	12.005380	0.010223	1.174331	211
425754.006795	15.181795	0.010248	1.481498	212
425755.054212	11.556103	0.010240	1.128546	213
425756.103826	12.750566	0.010254	1.243474	214
425757.151958	10.555399	0.010234	1.031374	215
425758.200213	11.979845	0.010231	1.170907	216
425759.249029	8.643690	0.010232	0.844738	217
425760.297260	11.393903	0.010237	1.113050	218
425761.313181	14.497259	0.010234	1.416562	219
425762.394983	12.183309	0.010219	1.192181	220
425763.411890	10.316144	0.010235	1.007942	221
425764.492516	12.274308	0.010254	1.197050	222
425765.475464	17.934729	0.010246	1.750401	223
425766.590339	11.994316	0.010240	1.171371	224
425767.571313	16.210995	0.010223	1.585689	225
425768.685768	11.014508	0.010241	1.075575	226
425769.689779	10.178149	0.010217	0.996156	227
425770.783993	7.929151	0.010251	0.773463	228
425771.766254	16.652811	0.010236	1.626911	229
425772.846618	9.096458	0.010236	0.888649	230
425773.863095	19.161129	0.010274	1.864941	231
425774.944850	5.209114	0.010234	0.508990	232
425775.959624	21.969810	0.010230	2.147684	233
425777.009037	7.885009	0.010237	0.770235	234
425778.057591	22.931406	0.010235	2.240482	235
425779.105862	5.507784	0.010253	0.537177	236
425780.186747	12.798554	0.010236	1.250314	237
425781.170358	11.258988	0.010234	1.100179	238
425782.252140	21.586857	0.010227	2.110701	239
425783.268573	8.877883	0.010247	0.866364	240
425784.349562	19.606264	0.010226	1.917229	241
425785.364282	7.578760	0.010253	0.739191	242
425786.446024	17.575134	0.010241	1.716159	243
425787.463596	5.842583	0.010238	0.570682	244
425788.542544	17.204496	0.010213	1.684509	245
425789.528184	13.089149	0.010236	1.278680	246
425790.642313	15.154566	0.010240	1.479997	247
425791.622877	10.807162	0.010224	1.057042	248
425792.737393	12.682146	0.010240	1.238548	249
425793.721047	10.384694	0.010240	1.014101	250
425794.801610	20.179247	0.010246	1.969466	251
425795.819531	8.489124	0.010234	0.829519	252
425796.898779	16.946733	0.010253	1.652787	253
425797.914703	9.220272	0.010251	0.899446	254
425798.996442	13.553280	0.010235	1.324234	255
425800.011761	9.829423	0.010279	0.956280	0
425801.079061	13.073011	0.010225	1.278542	1
425802.109436	11.057237	0.010231	1.080723	2
425803.136564	20.065685	0.010238	1.959831	3
425804.206477	13.767996	0.010234	1.345292	4
425805.227106	16.978685	0.010211	1.662758	5
425806.336874	9.369733	0.010227	0.916154	6
425807.319277	13.357348	0.010231	1.305524	7
425808.433677	8.973908	0.010232	0.877040	8
425809.390875	18.193235	0.010241	1.776426	9
425810.498545	14.538594	0.010236	1.420390	10
425811.513092	9.352833	0.010224	0.914788	11
425812.595183	12.207229	0.010235	1.192677	12
425813.611261	9.317208	0.010245	0.909397	13
425814.691809	9.168586	0.010259	0.893736	14
425815.707766	9.006063	0.010242	0.879285	15
425816.732737	25.964132	0.010262	2.530107	16
425817.805471	9.002248	0.010233	0.879767	17
425818.853713	12.689288	0.010233	1.240036	18
425819.869676	16.427206	0.010231	1.605703	19
425820.972587	8.749094	0.010262	0.852532	20
425821.966038	14.860541	0.010201	1.456816	21
425823.048279	10.675794	0.010228	1.043810	22
425824.042381	17.748293	0.010229	1.735072	23
425825.144204	11.924838	0.010214	1.167521	24
425826.160725	8.537230	0.010250	0.832879	25
425827.244139	11.150605	0.010234	1.089589	26
425828.226755	15.022702	0.010242	1.466762	27
425829.339275	11.053970	0.010237	1.079754	28
425830.322944	13.714391	0.010228	1.340870	29
425831.436103	9.194181	0.010258	0.896263	30
425832.421370	12.547365	0.010238	1.225572	31
425833.502034	11.322926	0.010257	1.103917	32
425834.518397	13.603274	0.010206	1.332887	33
425835.604718	7.394786	0.010216	0.723842	34
425836.613711	15.888899	0.010247	1.550647	35
425837.663281	11.359465	0.010255	1.107753	36
425838.711447	17.724646	0.010235	1.731778	37
425839.761270	7.364572	0.010223	0.720384	38
425840.807359	19.036409	0.010231	1.860573	39
425841.834384	10.475216	0.010234	1.023564	40
425842.907287	17.619869	0.010233	1.721894	41
425843.921611	10.325998	0.010229	1.009469	42
425845.003583	16.099724	0.010244	1.571596	43
425846.023695	6.428298	0.010233	0.628212	44
425847.099896	16.072571	0.010236	1.570210	45
425848.115848	6.729259	0.010236	0.657428	46
425849.196419	14.096486	0.010266	1.373113	47
425850.213773	5.552408	0.010248	0.541819	48
425851.294427	12.428292	0.010233	1.214543	49
425852.309484	5.218983	0.010253	0.509001	50
425853.328127	35.831509	0.010233	3.501424	51
425854.373727	12.542789	0.010252	1.223457	52
425855.457024	15.528053	0.010233	1.517400	53
425856.471726	12.196625	0.010227	1.192572	54
425857.576999	7.823680	0.010257	0.762773	55
425858.601743	5.460638	0.010231	0.533747	56
425859.617710	17.883669	0.010231	1.747904	57
425860.697761	7.047354	0.010229	0.688964	58
425861.714156	12.667733	0.010235	1.237736	59
425862.795903	8.536452	0.010228	0.834593	60
425863.778330	19.240591	0.010250	1.877154	61
425864.892676	9.839890	0.010234	0.961514	62
425865.875682	13.800537	0.010234	1.348564	63
425866.989780	9.940882	0.010239	0.970860	64
425867.973458	11.694559	0.010229	1.143284	65
425869.054287	16.345366	0.010239	1.596445	66
425870.070236	10.706187	0.010232	1.046315	67
425871.128301	22.061485	0.010247	2.152992	68
425872.170966	10.352322	0.010226	1.012390	69
425873.248876	10.250632	0.010229	1.002087	70
425874.239324	18.001400	0.010247	1.756757	71
425875.313407	17.366934	0.010229	1.697789	72
425876.361011	9.494818	0.010259	0.925529	73
425877.410450	14.950114	0.010230	1.461373	74
