time (s)	coil I (A)	last det (V)	int current (uC)
423063.622171	0.649146	231.250000	-349.023437
423063.624172	0.922188	231.250000	-349.023437
423063.626173	0.939018	231.250000	-349.023437
423063.630171	0.935410	10.289508	0.394381
423064.636237	0.328643	234.863281	110.839844
423064.638241	0.695219	234.863281	110.839844
423064.640239	0.935710	234.863281	110.839844
423064.642242	0.941617	234.863281	110.839844
423064.644240	0.939233	10.331569	0.498474
423065.686769	0.685938	173.925781	-412.988281
423065.688769	0.932189	173.925781	-412.988281
423065.692768	0.937096	173.925781	-412.988281
423065.694770	0.935892	10.294816	0.530618
423066.766842	0.457093	222.949219	107.421875
423066.768844	0.812391	222.949219	107.421875
423066.770843	0.941549	222.949219	107.421875
423066.772844	0.938348	10.321829	0.430738
423067.750878	0.635190	173.828125	-412.402344
423067.752883	0.917382	173.828125	-412.402344
423067.754880	0.938936	173.828125	-412.402344
423067.756881	0.936617	10.302784	0.401572
423068.864917	0.622573	249.414062	75.683594
423068.866917	0.912813	249.414062	75.683594
423068.870916	0.936656	249.414062	75.683594
423068.872918	0.935299	10.288285	0.455505
423069.846939	0.440373	179.589844	-374.511719
423069.848941	0.798260	179.589844	-374.511719
423069.850940	0.941945	179.589844	-374.511719
423069.852940	0.938915	10.328068	0.425386
423070.960996	0.431008	255.859375	55.664062
423070.963000	0.790437	255.859375	55.664062
423070.964998	0.942528	255.859375	55.664062
423070.968997	0.937728	10.315004	0.388234
423071.945049	0.611226	230.273437	-317.285156
423071.949050	0.938628	230.273437	-317.285156
423071.951052	0.938527	230.273437	-317.285156
423071.953051	0.934839	10.283234	0.482953
423073.059117	0.602895	244.140625	51.367187
423073.061118	0.904718	244.140625	51.367187
423073.063119	0.938912	244.140625	51.367187
423073.065119	0.936601	10.302607	0.305575
423074.041190	0.427294	281.054687	-282.714844
423074.043191	0.786889	281.054687	-282.714844
423074.045192	0.941157	281.054687	-282.714844
423074.047197	0.938338	10.321722	0.528877
423075.125227	0.879262	275.683594	42.187500
423075.127229	0.939647	275.683594	42.187500
423075.129230	0.936893	10.305823	0.317079
423076.139724	0.676597	300.781250	-265.234375
423076.141726	0.929507	300.781250	-265.234375
423076.143726	0.938682	300.781250	-265.234375
423076.145727	0.936617	10.302793	0.651292
423077.219734	0.437489	255.761719	47.753906
423077.221737	0.795916	255.761719	47.753906
423077.223738	0.941706	255.761719	47.753906
423077.225738	0.938503	10.323530	0.282224
423078.237774	0.828414	277.636719	-267.382812
423078.241779	0.937430	277.636719	-267.382812
423078.245779	0.934748	10.282232	0.513765
423079.317834	0.608543	239.453125	51.855469
423079.319835	0.907153	239.453125	51.855469
423079.321835	0.939131	239.453125	51.855469
423079.323834	0.936706	10.303767	0.291565
423080.333913	0.658189	245.312500	-278.515625
423080.335914	0.924379	245.312500	-278.515625
423080.337915	0.938491	245.312500	-278.515625
423080.339916	0.936285	10.299132	0.460594
423081.413984	0.427122	249.218750	51.074219
423081.415984	0.786668	249.218750	51.074219
423081.417985	0.940800	249.218750	51.074219
423081.419984	0.937879	10.316670	0.322863
423082.400034	0.907637	262.011719	-298.730469
423082.402035	0.939422	262.011719	-298.730469
423082.404038	0.937032	10.307348	0.563821
423083.512080	0.597276	256.640625	55.371094
423083.514083	0.902577	256.640625	55.371094
423083.516084	0.939670	256.640625	55.371094
423083.518083	0.937191	10.309102	0.384076
423084.496116	0.776356	208.886719	-345.996094
423084.498117	0.940300	208.886719	-345.996094
423084.500116	0.937656	10.314216	0.460764
423085.610634	0.838232	231.640625	82.324219
423085.612636	0.941037	231.640625	82.324219
423085.614637	0.937947	10.317415	0.407072
423086.590674	0.303344	166.894531	-396.777344
423086.594675	0.928413	166.894531	-396.777344
423086.596677	0.938899	166.894531	-396.777344
423086.598677	0.936738	10.304122	0.382744
423087.707207	0.746567	210.058594	113.183594
423087.709209	0.939768	210.058594	113.183594
423087.711211	0.938326	10.321581	0.750023
423088.688180	0.370544	174.414062	-410.058594
423088.690184	0.734569	174.414062	-410.058594
423088.692182	0.938168	174.414062	-410.058594
423088.694182	0.937760	10.315359	0.384968
423089.771131	0.735183	190.722656	134.472656
423089.775130	0.938144	190.722656	134.472656
423089.779131	0.934594	190.722656	134.472656
423089.783132	0.932749	10.260236	0.438404
423090.821183	0.888405	179.492187	-392.382812
423090.823183	0.938989	179.492187	-392.382812
423090.825185	0.936520	10.301721	0.290498
423091.835715	0.700663	209.765625	125.195312
423091.837717	0.933711	209.765625	125.195312
423091.839717	0.937669	209.765625	125.195312
423091.841718	0.935625	10.291874	0.471115
423092.916284	0.560354	252.441406	-322.949219
423092.918285	0.883577	252.441406	-322.949219
423092.920285	0.939403	252.441406	-322.949219
423092.924283	0.935311	10.288426	0.401636
423093.900837	0.822439	256.250000	94.042969
423093.902839	0.940178	256.250000	94.042969
423093.904840	0.937042	10.307463	0.558783
423095.013362	0.548005	286.816406	-268.652344
423095.015365	0.876496	286.816406	-268.652344
423095.017365	0.939582	286.816406	-268.652344
423095.019363	0.936924	10.306160	0.432833
423096.029392	0.587460	224.023437	75.488281
423096.031395	0.897656	224.023437	75.488281
423096.033396	0.939076	224.023437	75.488281
423096.035395	0.936620	10.302819	0.295181
423097.077910	0.576874	323.535156	-244.238281
423097.079912	0.892097	323.535156	-244.238281
423097.081912	0.938661	323.535156	-244.238281
423097.083912	0.936180	10.297980	0.550895
423098.127968	0.832636	246.289062	54.003906
423098.131968	0.937956	246.289062	54.003906
423098.133970	0.936269	10.298965	0.330233
423099.142003	0.523711	285.644531	-272.949219
423099.144004	0.861070	285.644531	-272.949219
423099.146004	0.938999	285.644531	-272.949219
423099.148003	0.936186	10.298042	0.584904
423100.258084	0.858681	228.710937	64.550781
423100.260086	0.940278	228.710937	64.550781
423100.262086	0.937379	10.311167	0.314108
423101.240114	0.698761	189.257812	-346.972656
423101.242118	0.933671	189.257812	-346.972656
423101.244118	0.938145	189.257812	-346.972656
423101.246119	0.936124	10.297359	0.615903
423102.355064	0.836428	223.144531	92.089844
423102.357065	0.940583	223.144531	92.089844
423102.359066	0.937535	10.312887	0.354708
423103.337594	0.757020	150.000000	-404.589844
423103.339596	0.939194	150.000000	-404.589844
423103.341595	0.937350	10.310848	0.344574
423104.417635	0.522727	223.437500	113.183594
423104.419638	0.860535	223.437500	113.183594
423104.421636	0.939467	223.437500	113.183594
423104.423636	0.936685	10.303537	0.490030
423105.435652	0.883089	177.441406	-404.492187
423105.437654	0.938977	177.441406	-404.492187
423105.439654	0.936403	10.300435	0.381164
423106.482177	0.550874	209.179687	130.468750
423106.484179	0.878086	209.179687	130.468750
423106.486178	0.939476	209.179687	130.468750
423106.488178	0.936823	10.305053	0.552842
423107.564229	0.677489	161.132812	-386.328125
423107.566229	0.929840	161.132812	-386.328125
423107.568230	0.938771	161.132812	-386.328125
423107.570231	0.936687	10.303555	0.421938
423108.580268	0.718176	183.203125	139.550781
423108.582263	0.937807	183.203125	139.550781
423108.584264	0.939129	183.203125	139.550781
423108.586265	0.937168	10.308846	0.433960
423109.660260	0.476618	209.277344	-353.222656
423109.662263	0.828456	209.277344	-353.222656
423109.664262	0.944897	209.277344	-353.222656
423109.666263	0.941791	10.359706	0.318962
423110.676815	0.610477	191.210937	130.273437
423110.678818	0.907746	191.210937	130.273437
423110.680817	0.938714	191.210937	130.273437
423110.682817	0.936326	10.299584	0.341368
423111.756824	0.367173	230.664062	-331.250000
423111.758828	0.731352	230.664062	-331.250000
423111.760835	0.939235	230.664062	-331.250000
423111.762834	0.938971	10.328679	0.332060
423112.742833	0.873984	206.054687	122.070312
423112.744836	0.938775	206.054687	122.070312
423112.746835	0.936182	10.297998	0.520945
423113.854887	0.534254	216.601562	-324.902344
423113.856889	0.868288	216.601562	-324.902344
423113.858888	0.939939	216.601562	-324.902344
423113.860889	0.937099	10.308084	0.306160
423114.836929	0.348803	207.714844	119.433594
423114.840931	0.935964	207.714844	119.433594
423114.842933	0.937965	207.714844	119.433594
423114.844932	0.935976	10.295738	0.478782
423115.950966	0.335292	197.753906	-327.148437
423115.952967	0.701177	197.753906	-327.148437
423115.954967	0.934055	197.753906	-327.148437
423115.956967	0.937845	197.753906	-327.148437
423115.958966	0.935916	10.295074	0.269633
423116.937011	0.860276	197.265625	125.781250
423116.939013	0.939404	197.265625	125.781250
423116.941013	0.936529	10.301818	0.429506
423118.019017	0.918870	234.765625	-335.351562
423118.021020	0.937903	234.765625	-335.351562
423118.023019	0.935639	10.292034	0.408568
423119.031573	0.412768	192.968750	133.203125
423119.033576	0.773735	192.968750	133.203125
423119.037573	0.938301	192.968750	133.203125
423119.039573	0.936554	10.302093	0.442824
423120.113614	0.538906	187.988281	-363.476562
423120.115616	0.870926	187.988281	-363.476562
423120.117616	0.939233	187.988281	-363.476562
423120.119615	0.936465	10.301117	0.321632
423121.131657	0.893557	184.375000	142.480469
423121.133660	0.939054	184.375000	142.480469
423121.135661	0.936474	10.301215	0.474578
423122.209727	0.346510	133.105469	-389.257812
423122.211730	0.711732	133.105469	-389.257812
423122.213731	0.935696	133.105469	-389.257812
423122.215730	0.937829	133.105469	-389.257812
423122.217729	0.935834	10.294169	0.220422
423123.229791	0.939144	196.582031	137.207031
423123.231789	0.937234	10.309572	0.907920
423124.275769	0.651673	147.265625	-405.273437
423124.277771	0.922665	147.265625	-405.273437
423124.279771	0.938628	147.265625	-405.273437
423124.283769	0.935100	10.286105	0.324357
423125.356723	0.579411	188.476562	126.171875
423125.358723	0.893577	188.476562	126.171875
423125.360723	0.938944	188.476562	126.171875
423125.362725	0.936405	10.300453	0.364760
423126.338777	0.401624	163.574219	-387.304687
423126.340778	0.763634	163.574219	-387.304687
423126.342779	0.941040	163.574219	-387.304687
423126.344777	0.938864	10.327509	0.399948
423127.452817	0.388532	213.769531	88.281250
423127.454817	0.751523	213.769531	88.281250
423127.456816	0.939836	213.769531	88.281250
423127.460816	0.936216	10.298379	0.352593
423128.436843	0.566122	175.390625	-326.171875
423128.438843	0.886040	175.390625	-326.171875
423128.440844	0.938183	175.390625	-326.171875
423128.442844	0.935562	10.291183	0.409819
423129.550909	0.560948	206.835937	67.089844
423129.552909	0.883974	206.835937	67.089844
423129.554910	0.939370	206.835937	67.089844
423129.556910	0.936712	10.303829	0.227342
423130.534952	0.738599	279.785156	-261.035156
423130.536954	0.938717	279.785156	-261.035156
423130.540952	0.936003	10.296031	0.826065
423131.615523	0.600728	228.906250	57.617187
423131.617525	0.903764	228.906250	57.617187
423131.619525	0.939044	228.906250	57.617187
423131.621526	0.936638	10.303023	0.245732
423132.663541	0.500333	238.867187	-239.160156
423132.665543	0.845459	238.867187	-239.160156
423132.667542	0.941313	238.867187	-239.160156
423132.669543	0.938227	10.320499	0.378148
423133.681604	0.875273	214.062500	76.757812
423133.683607	0.938735	214.062500	76.757812
423133.685606	0.936079	10.296872	0.318958
423134.763644	0.927524	261.035156	-256.640625
423134.765645	0.937659	261.035156	-256.640625
423134.767646	0.935528	10.290811	0.529536
423135.775657	0.344482	184.277344	106.250000
423135.777657	0.709686	184.277344	106.250000
423135.779657	0.935062	184.277344	106.250000
423135.781659	0.937516	184.277344	106.250000
423135.783659	0.935554	10.291094	0.268471
423136.859672	0.822718	230.566406	-297.070312
423136.861674	0.939763	230.566406	-297.070312
423136.863673	0.936796	10.304760	0.371074
423137.841698	0.646535	209.765625	120.800781
423137.843699	0.920123	209.765625	120.800781
423137.845700	0.937488	209.765625	120.800781
423137.847700	0.935286	10.288143	0.571503
423138.955771	0.642197	176.757812	-340.820312
423138.959771	0.921099	176.757812	-340.820312
423138.961772	0.935910	176.757812	-340.820312
423138.963775	0.934480	10.279281	0.296413
423139.971775	0.676601	158.496094	147.558594
423139.973777	0.929016	158.496094	147.558594
423139.975776	0.938058	158.496094	147.558594
423139.977779	0.935984	10.295827	0.446692
423141.019819	0.581221	191.503906	-374.023437
423141.021819	0.894294	191.503906	-374.023437
423141.025817	0.936108	191.503906	-374.023437
423141.027819	0.934523	10.279750	0.340342
423142.070811	0.923306	177.539062	145.703125
423142.072811	0.938115	177.539062	145.703125
423142.074811	0.936025	10.296270	0.424105
423143.119340	0.920764	123.339844	-392.187500
423143.121344	0.938345	123.339844	-392.187500
423143.123343	0.936156	10.297714	0.262616
423144.165954	0.651832	185.742187	135.351562
423144.167955	0.921989	185.742187	135.351562
423144.169958	0.937827	185.742187	135.351562
423144.171956	0.935586	10.291449	0.426408
423145.182004	0.696024	132.226562	-394.628906
423145.184006	0.932895	132.226562	-394.628906
423145.188004	0.935768	132.226562	-394.628906
423145.190007	0.934468	10.279148	0.539819
423146.262014	0.453422	196.191406	119.531250
423146.264016	0.808965	196.191406	119.531250
423146.266017	0.940868	196.191406	119.531250
423146.268016	0.937683	10.314508	0.459028
423147.278041	0.495411	112.792969	-377.148437
423147.280043	0.841633	112.792969	-377.148437
423147.282043	0.939976	112.792969	-377.148437
423147.284044	0.936935	10.306284	0.283191
423148.360050	0.613889	223.144531	96.386719
423148.362050	0.908970	223.144531	96.386719
423148.364051	0.938388	223.144531	96.386719
423148.368049	0.934568	10.280247	0.410485
423149.344088	0.790833	161.230469	-362.402344
423149.346089	0.939331	161.230469	-362.402344
423149.348090	0.936535	10.301888	0.978229
423150.456080	0.411307	209.570312	93.652344
423150.458081	0.772329	209.570312	93.652344
423150.462080	0.936898	209.570312	93.652344
423150.464081	0.935083	10.285910	0.403324
423151.442155	0.901854	184.570312	-344.921875
423151.444155	0.938487	184.570312	-344.921875
423151.446158	0.936128	10.297404	0.454325
423152.554702	0.680011	216.308594	85.839844
423152.556702	0.929856	216.308594	85.839844
423152.558704	0.937973	216.308594	85.839844
423152.560703	0.935918	10.295100	0.347600
423153.537249	0.588650	193.847656	-335.449219
423153.539250	0.897883	193.847656	-335.449219
423153.543248	0.936188	193.847656	-335.449219
423153.545251	0.934664	10.281301	0.413796
423154.653238	0.886074	211.035156	86.230469
423154.655242	0.938827	211.035156	86.230469
423154.657241	0.936264	10.298902	0.298045
423155.637779	0.939709	187.304687	-336.132812
423155.639784	0.936639	187.304687	-336.132812
423155.641781	0.935051	10.285563	0.384237
423156.747784	0.458227	201.269531	92.089844
423156.749785	0.812799	201.269531	92.089844
423156.751784	0.940872	201.269531	92.089844
423156.753784	0.937729	10.315014	0.271149
423157.731819	0.637367	135.253906	-341.406250
423157.733818	0.917488	135.253906	-341.406250
423157.735818	0.938039	135.253906	-341.406250
423157.737819	0.935777	10.293549	0.328423
423158.847880	0.914456	191.113281	101.562500
423158.849882	0.938503	191.113281	101.562500
423158.851884	0.936163	10.297794	0.227888
423159.830377	0.866059	131.250000	-357.421875
423159.832378	0.940426	131.250000	-357.421875
423159.834377	0.937589	10.313480	0.273190
423160.910901	0.743169	200.195312	107.714844
423160.912909	0.938552	200.195312	107.714844
423160.914914	0.937390	10.311292	0.778889
423161.924889	0.414455	106.738281	-371.191406
423161.926892	0.775046	106.738281	-371.191406
423161.928892	0.940390	106.738281	-371.191406
423161.930892	0.937794	10.315732	0.255927
423163.006952	0.543962	177.734375	129.003906
423163.008951	0.873436	177.734375	129.003906
423163.010953	0.938185	177.734375	129.003906
423163.012953	0.935586	10.291449	0.359708
423164.023031	0.593828	100.878906	-383.496094
423164.025032	0.900034	100.878906	-383.496094
423164.027031	0.938027	100.878906	-383.496094
423164.029031	0.935579	10.291369	0.235787
423165.105068	0.717744	171.582031	142.382812
423165.107063	0.937472	171.582031	142.382812
423165.109062	0.938835	171.582031	142.382812
423165.111065	0.936849	10.305336	0.564908
423166.121080	0.755522	137.011719	-388.574219
423166.123082	0.938909	137.011719	-388.574219
423166.125081	0.937053	10.307588	0.700184
423167.168063	0.468822	176.269531	146.972656
423167.170064	0.821400	176.269531	146.972656
423167.172065	0.940578	176.269531	146.972656
423167.174063	0.937510	10.312613	0.400467
423168.216067	0.361963	139.550781	-374.121094
423168.220077	0.937055	139.550781	-374.121094
423168.222078	0.937281	139.550781	-374.121094
423168.224079	0.935375	10.289126	0.297560
423169.268110	0.914356	162.695312	151.464844
423169.270111	0.917149	162.695312	151.464844
423169.272112	0.935056	10.285618	0.266008
423170.314700	0.633312	181.250000	-348.437500
423170.316702	0.915767	181.250000	-348.437500
423170.320700	0.935517	181.250000	-348.437500
423170.322702	0.933964	10.273601	0.336171
423171.330715	0.670333	171.484375	141.796875
423171.332718	0.926843	171.484375	141.796875
423171.334718	0.937384	171.484375	141.796875
423171.336717	0.935288	10.288170	0.411730
423172.410773	0.437671	242.382812	-308.789062
423172.412773	0.795308	242.382812	-308.789062
423172.414774	0.939823	242.382812	-308.789062
423172.418772	0.935187	10.287062	0.386200
423173.426799	0.478249	171.484375	125.781250
423173.428801	0.828641	171.484375	125.781250
423173.430801	0.940210	171.484375	125.781250
423173.432802	0.937217	10.309386	0.299662
423174.512829	0.937850	272.949219	-270.703125
423174.514829	0.935488	10.290368	0.383652
423175.523402	0.374113	189.550781	104.003906
423175.525404	0.737552	189.550781	104.003906
423175.527404	0.937743	189.550781	104.003906
423175.529404	0.937043	10.307472	0.242105
423176.607433	0.845619	218.261719	-241.503906
423176.609435	0.939372	218.261719	-241.503906
423176.611435	0.936456	10.301021	0.326920
423177.621475	0.543320	181.054687	86.035156
423177.623477	0.873057	181.054687	86.035156
423177.625476	0.938327	181.054687	86.035156
423177.627478	0.935660	10.292255	0.220830
423178.671520	0.799954	270.410156	-228.808594
423178.675520	0.936819	270.410156	-228.808594
423178.677522	0.935097	10.286070	0.477541
423179.719625	0.717880	224.902344	65.332031
423179.721626	0.936474	224.902344	65.332031
423179.723625	0.937118	224.902344	65.332031
423179.725626	0.935180	10.286982	0.268347
423180.766169	0.351916	183.886719	-239.355469
423180.768176	0.716572	183.886719	-239.355469
423180.770172	0.937784	183.886719	-239.355469
423180.772174	0.939457	183.886719	-239.355469
423180.774173	0.937384	10.311221	0.300181
423181.848212	0.482904	197.265625	72.558594
423181.850215	0.831993	197.265625	72.558594
423181.852214	0.939290	197.265625	72.558594
423181.854214	0.936290	10.299194	0.176166
423182.830755	0.389595	179.687500	-280.273437
423182.832756	0.752149	179.687500	-280.273437
423182.834755	0.939002	179.687500	-280.273437
423182.836755	0.937254	10.309793	0.405962
423183.946780	0.737391	198.632812	88.964844
423183.948787	0.938295	198.632812	88.964844
423183.950786	0.937575	10.313330	0.618097
423184.929762	0.728744	149.902344	-332.421875
423184.931762	0.937156	149.902344	-332.421875
423184.933763	0.937269	10.309962	0.312187
423186.041805	0.351420	176.367187	119.921875
423186.043815	0.716134	176.367187	119.921875
423186.045814	0.937971	176.367187	119.921875
423186.047815	0.939495	176.367187	119.921875
423186.049815	0.937489	10.312382	0.204695
423187.026379	0.630097	86.914062	-362.695312
423187.030381	0.937799	86.914062	-362.695312
423187.032381	0.935575	86.914062	-362.695312
423187.034381	0.935511	10.290616	0.241163
423188.108404	0.753711	184.765625	133.007812
423188.112404	0.936967	184.765625	133.007812
423188.114405	0.935156	10.286716	0.756271
423189.123382	0.603914	127.050781	-382.519531
423189.125382	0.904033	127.050781	-382.519531
423189.127383	0.937272	127.050781	-382.519531
423189.129383	0.934875	10.283623	0.255697
423190.203961	0.466355	159.082031	151.855469
423190.205961	0.819220	159.082031	151.855469
423190.209960	0.936962	159.082031	151.855469
423190.211961	0.935309	10.288401	0.232611
423191.222501	0.901117	138.964844	-381.347656
423191.224503	0.937587	138.964844	-381.347656
423191.226503	0.935195	10.287142	0.269154
423192.270576	0.851487	164.453125	154.492187
423192.272578	0.939356	164.453125	154.492187
423192.274579	0.936521	10.301729	0.391414
423193.316665	0.420010	155.859375	-377.343750
423193.318667	0.779936	155.859375	-377.343750
423193.320667	0.785920	155.859375	-377.343750
423193.322668	0.937164	10.308801	0.269210
423194.365639	0.492790	158.496094	157.226562
423194.367641	0.839252	158.496094	157.226562
423194.369641	0.938680	158.496094	157.226562
423194.371641	0.935791	10.293700	0.314565
423195.413636	0.386368	150.976562	-375.878906
423195.415639	0.749166	150.976562	-375.878906
423195.417638	0.939648	150.976562	-375.878906
423195.419638	0.938076	10.318833	0.238668
423196.463640	0.646768	166.015625	155.566406
423196.465640	0.920599	166.015625	155.566406
423196.467641	0.937961	166.015625	155.566406
423196.469640	0.937869	10.316556	0.326237
423197.511672	0.548702	104.785156	-373.925781
423197.513673	0.876393	104.785156	-373.925781
423197.517672	0.936130	104.785156	-373.925781
423197.521672	0.933367	10.267042	0.182605
423198.561731	0.810152	166.210937	154.296875
423198.563732	0.939867	166.210937	154.296875
423198.565733	0.936815	10.304964	0.283077
423199.576690	0.661447	151.074219	-384.863281
423199.578692	0.924034	151.074219	-384.863281
423199.580692	0.936909	151.074219	-384.863281
423199.582693	0.934671	10.281382	0.340690
423200.656783	0.436066	170.605469	146.777344
423200.658784	0.794068	170.605469	146.777344
423200.660782	0.940466	170.605469	146.777344
423200.662781	0.937491	10.312399	0.298677
423201.674850	0.833137	109.082031	-377.050781
423201.676853	0.939134	109.082031	-377.050781
423201.678851	0.936134	10.297475	0.238389
423202.754887	0.608612	179.882812	130.273437
423202.756891	0.906254	179.882812	130.273437
423202.758892	0.937526	179.882812	130.273437
423202.760890	0.935229	10.287523	0.317916
423203.736970	0.435764	153.906250	-359.179687
423203.738974	0.793534	153.906250	-359.179687
423203.740973	0.940337	153.906250	-359.179687
423203.742974	0.937412	10.311531	0.426681
423204.851074	0.434970	190.136719	107.128906
423204.853076	0.792969	190.136719	107.128906
423204.855077	0.939429	190.136719	107.128906
423204.857077	0.936642	10.303067	0.308144
423205.837173	0.912427	161.621094	-311.816406
423205.839176	0.937448	161.621094	-311.816406
423205.841178	0.935138	10.286512	0.395726
423206.949188	0.606937	196.679687	84.570312
423206.951190	0.905990	196.679687	84.570312
423206.953189	0.938291	196.679687	84.570312
423206.955190	0.935911	10.295020	0.227008
423207.933264	0.791310	246.777344	-265.136719
423207.935267	0.939438	246.777344	-265.136719
423207.937268	0.936541	10.301950	0.459208
423209.013811	0.650495	216.015625	68.164062
423209.015814	0.921615	216.015625	68.164062
423209.017813	0.937919	216.015625	68.164062
423209.019812	0.935793	10.293717	0.342714
423210.061842	0.552581	127.929687	-226.074219
423210.063842	0.878399	127.929687	-226.074219
423210.065842	0.938043	127.929687	-226.074219
423210.067843	0.935352	10.288870	0.244218
423211.109864	0.454104	178.222656	78.320312
423211.111867	0.809310	178.222656	78.320312
423211.113867	0.939908	178.222656	78.320312
423211.115867	0.936871	10.305584	0.154884
423212.159890	0.715119	189.550781	-223.339844
423212.161891	0.935374	189.550781	-223.339844
423212.163893	0.936998	189.550781	-223.339844
423212.165892	0.935087	10.285954	0.598770
423213.173917	0.391578	209.375000	84.082031
423213.175919	0.753970	209.375000	84.082031
423213.177919	0.938357	209.375000	84.082031
423213.179920	0.936500	10.301498	0.298048
423214.257954	0.856248	261.425781	-238.085937
423214.259955	0.860722	261.425781	-238.085937
423214.261955	0.935791	10.293700	0.313716
423215.272489	0.649951	164.453125	106.835937
423215.274491	0.921581	164.453125	106.835937
423215.276490	0.938118	164.453125	106.835937
423215.278490	0.938046	10.318505	0.254583
423216.352501	0.408518	251.660156	-256.835937
423216.354502	0.769461	251.660156	-256.835937
423216.356504	0.939474	251.660156	-256.835937
423216.358504	0.937069	10.307755	0.304464
423217.335463	0.390918	211.230469	115.332031
423217.337464	0.753074	211.230469	115.332031
423217.339464	0.759545	211.230469	115.332031
423217.341464	0.935884	10.294728	0.455534
423218.449523	0.381725	204.687500	-279.296875
423218.451523	0.744732	204.687500	-279.296875
423218.453526	0.937865	204.687500	-279.296875
423218.455524	0.936622	10.302837	0.271817
423219.433527	0.557324	196.679687	131.738281
423219.435526	0.881106	196.679687	131.738281
423219.437527	0.938167	196.679687	131.738281
423219.439528	0.935550	10.291050	0.430424
423220.546505	0.350505	179.492187	-299.316406
423220.548516	0.715111	179.492187	-299.316406
423220.550515	0.937165	179.492187	-299.316406
423220.552517	0.938754	179.492187	-299.316406
423220.554515	0.936785	10.304636	0.212266
423221.531084	0.404169	182.128906	144.726562
423221.533086	0.915085	182.128906	144.726562
423221.535087	0.937555	182.128906	144.726562
423221.537086	0.935210	10.287310	0.418460
423222.615687	0.939737	210.644531	-322.656250
423222.617689	0.936722	210.644531	-322.656250
423222.619688	0.935170	10.286867	0.324169
423223.630249	0.916054	158.496094	156.640625
423223.632251	0.937874	158.496094	156.640625
423223.634251	0.935702	10.292725	0.385578
423224.710306	0.761809	176.855469	-337.109375
423224.712309	0.939333	176.855469	-337.109375
423224.714307	0.937190	10.309085	0.722699
423225.727274	0.905823	178.808594	155.273437
423225.729274	0.937193	178.808594	155.273437
423225.731272	0.934855	10.283401	0.360774
423226.807313	0.737375	146.679687	-345.898437
423226.809313	0.937691	146.679687	-345.898437
423226.811315	0.936972	10.306691	0.200420
423227.821886	0.514337	171.191406	160.058594
423227.825887	0.938167	171.191406	160.058594
423227.829886	0.933513	171.191406	160.058594
423227.831891	0.932429	10.256718	0.354699
423228.902471	0.374654	101.855469	-344.433594
423228.904473	0.737997	101.855469	-344.433594
423228.906474	0.937557	101.855469	-344.433594
423228.908473	0.936797	10.304769	0.156267
423229.918493	0.414898	159.863281	165.917969
423229.920495	0.775207	159.863281	165.917969
423229.922496	0.940000	159.863281	165.917969
423229.924494	0.937381	10.311193	0.350246
423230.968508	0.675136	127.441406	-357.714844
423230.970509	0.927819	127.441406	-357.714844
423230.972508	0.937185	127.441406	-357.714844
423230.974510	0.935044	10.285484	0.414558
423232.018546	0.891060	167.480469	162.011719
423232.020547	0.894190	167.480469	162.011719
423232.022548	0.935131	10.286442	0.323994
423233.065057	0.566043	117.675781	-359.277344
423233.067057	0.886062	117.675781	-359.277344
423233.069058	0.937909	117.675781	-359.277344
423233.071057	0.935337	10.288711	0.218688
423234.113106	0.471293	172.460937	159.667969
423234.115107	0.823104	172.460937	159.667969
423234.117106	0.940400	172.460937	159.667969
423234.119105	0.937357	10.310928	0.317521
423235.161093	0.363252	77.148437	-352.636719
423235.163097	0.727271	77.148437	-352.636719
423235.165100	0.937468	77.148437	-352.636719
423235.167101	0.937578	10.313356	0.190930
423236.211591	0.712680	164.355469	162.500000
423236.213593	0.934517	164.355469	162.500000
423236.215592	0.936559	164.355469	162.500000
423236.217593	0.934490	10.279387	0.276764
423237.262129	0.934039	51.269531	-347.070312
423237.264130	0.937326	51.269531	-347.070312
423237.266130	0.935428	10.289703	0.433031
423238.308174	1.666232	148.242187	166.601562
423238.310177	0.906888	148.242187	166.601562
423238.312178	0.937692	148.242187	166.601562
423238.314175	0.935237	10.287602	0.229779
423239.324204	0.650940	142.187500	-367.871094
423239.326206	0.920965	142.187500	-367.871094
423239.328206	0.936760	142.187500	-367.871094
423239.330208	0.934532	10.279857	0.357973
423240.408201	0.938486	155.078125	164.355469
423240.410202	0.936182	155.078125	164.355469
423240.412202	0.934228	10.276506	0.212044
423241.420775	0.546244	127.539062	-365.722656
423241.422782	0.874560	127.539062	-365.722656
423241.424788	0.937803	127.539062	-365.722656
423241.426788	0.935026	10.285280	0.258405
423242.500835	1.876806	147.265625	166.406250
423242.502836	0.674393	147.265625	166.406250
423242.504838	0.928100	147.265625	166.406250
423242.506837	0.937581	147.265625	166.406250
423242.508835	0.935473	10.290208	0.181962
423243.518857	0.711457	87.890625	-356.738281
423243.520858	0.934114	87.890625	-356.738281
423243.522860	0.936296	87.890625	-356.738281
423243.524859	0.934146	10.275603	0.227549
423244.566879	0.611391	182.128906	153.027344
423244.568879	0.907038	182.128906	153.027344
423244.570880	0.937227	182.128906	153.027344
423244.572880	0.934835	10.283180	0.383129
423245.614948	0.519729	80.859375	-355.859375
423245.616948	0.858135	80.859375	-355.859375
423245.618948	0.938563	80.859375	-355.859375
423245.620949	0.935828	10.294107	0.190395
423246.662964	0.417872	159.472656	162.109375
423246.664966	0.777915	159.472656	162.109375
423246.666966	0.939342	159.472656	162.109375
423246.668971	0.936770	10.304467	0.337106
423247.711056	0.327412	113.867187	-360.546875
423247.713060	0.693176	113.867187	-360.546875
423247.715060	0.931914	113.867187	-360.546875
423247.717061	0.936906	113.867187	-360.546875
423247.719062	0.934810	10.282906	0.172756
423248.762032	0.762887	147.070312	166.796875
423248.764036	0.938645	147.070312	166.796875
423248.766033	0.936583	10.302411	0.271870
423249.810094	0.671788	90.625000	-354.101562
423249.812096	0.926848	90.625000	-354.101562
423249.814098	0.936852	90.625000	-354.101562
423249.816097	0.934680	10.281479	0.299452
423250.858656	0.669637	139.843750	170.605469
423250.860658	0.926501	139.843750	170.605469
423250.862659	0.937030	139.843750	170.605469
423250.864658	0.934815	10.282968	0.340576
423251.908653	0.886522	98.925781	-350.781250
423251.910655	0.938476	98.925781	-350.781250
423251.912655	0.935938	10.295313	0.144008
423252.921592	0.408104	168.652344	162.500000
423252.923593	0.768968	168.652344	162.500000
423252.927593	0.936493	168.652344	162.500000
423252.929592	0.934518	10.279697	0.417238
423254.003663	0.541362	83.593750	-340.332031
423254.005665	0.871554	83.593750	-340.332031
423254.007665	0.937746	83.593750	-340.332031
423254.009665	0.935061	10.285671	0.141981
423255.019667	0.576034	157.617187	167.089844
423255.021670	0.891106	157.617187	167.089844
423255.025668	0.935208	157.617187	167.089844
423255.027670	0.933606	10.269665	0.325856
423256.101736	0.705447	95.507812	-333.886719
423256.103740	0.933494	95.507812	-333.886719
423256.107739	0.934401	95.507812	-333.886719
423256.109740	0.932933	10.262265	0.421323
423257.116304	0.482992	141.210937	169.335937
423257.118306	0.832046	141.210937	169.335937
423257.120304	0.939672	141.210937	169.335937
423257.122306	0.936671	10.303377	0.250987
423258.198370	0.612351	94.433594	-320.019531
423258.200372	0.907724	94.433594	-320.019531
423258.202374	0.937602	94.433594	-320.019531
423258.204375	0.935218	10.287398	0.136292
423259.212435	0.291522	138.378906	166.308594
423259.214438	0.659136	138.378906	166.308594
423259.216435	0.923181	138.378906	166.308594
423259.218437	0.936531	138.378906	166.308594
423259.220437	0.934263	10.276896	0.183919
423260.262447	2.572630	178.808594	-318.261719
423260.266449	0.937677	178.808594	-318.261719
423260.268453	0.935207	178.808594	-318.261719
423260.270459	0.933556	10.269115	0.320359
423261.278511	0.599649	163.867187	156.152344
423261.280510	0.902018	163.867187	156.152344
423261.282510	0.904917	163.867187	156.152344
423261.284510	0.934735	10.282090	0.355245
423262.358572	0.366571	212.792969	-299.414062
423262.360576	0.730281	212.792969	-299.414062
423262.362573	0.937119	212.792969	-299.414062
423262.364575	0.937092	10.308012	0.335579
423263.374610	0.411246	167.187500	148.144531
423263.378610	0.939388	167.187500	148.144531
423263.380612	0.936940	167.187500	148.144531
423263.382613	0.935142	10.286566	0.278992
423264.457548	0.700140	245.117187	-280.175781
423264.459551	0.932756	245.117187	-280.175781
423264.461552	0.936738	245.117187	-280.175781
423264.463552	0.934607	10.280672	0.554393
423265.474480	0.871143	160.937500	139.062500
423265.476481	0.937935	160.937500	139.062500
423265.478484	0.935251	10.287763	0.227079
423266.553011	0.391900	219.531250	-258.593750
423266.555012	0.754045	219.531250	-258.593750
423266.557012	0.938523	219.531250	-258.593750
423266.559013	0.936706	10.303767	0.300245
423267.569049	0.436496	146.386719	127.832031
423267.571051	0.794165	146.386719	127.832031
423267.573051	0.939778	146.386719	127.832031
423267.575050	0.936911	10.306018	0.167096
423268.653131	0.887904	172.656250	-236.328125
423268.655133	0.937405	172.656250	-236.328125
423268.657131	0.934922	10.284146	0.251532
423269.667170	0.610419	142.187500	112.109375
423269.669174	0.906586	142.187500	112.109375
423269.671172	0.937115	142.187500	112.109375
423269.675170	0.933103	10.264135	0.138905
423270.749193	0.385706	176.562500	-220.703125
423270.753194	0.936000	176.562500	-220.703125
423270.755196	0.934065	10.274716	0.210035
423271.765245	0.776528	170.507812	95.214844
423271.769245	0.936276	170.507812	95.214844
423271.773246	0.933003	10.263037	0.131358
423272.813245	0.674970	267.187500	-211.621094
423272.815245	0.927646	267.187500	-211.621094
423272.817247	0.936861	267.187500	-211.621094
423272.819245	0.934698	10.281673	0.476088
423273.861853	0.681368	164.843750	85.351562
423273.863856	0.928934	164.843750	85.351562
423273.865854	0.936736	164.843750	85.351562
423273.871853	0.932142	10.253562	0.153543
423274.911940	0.898166	186.425781	-212.792969
423274.913942	0.937511	186.425781	-212.792969
423274.915943	0.935065	10.285715	0.200473
423275.960901	0.924604	177.441406	81.835937
423275.962904	0.937203	177.441406	81.835937
423275.964904	0.935104	10.286149	0.309105
423276.974919	1.733522	174.121094	-234.179687
423276.976924	0.932219	174.121094	-234.179687
423276.978924	0.936381	174.121094	-234.179687
423276.980922	0.934188	10.276073	0.549169
423278.055022	0.476222	196.484375	85.839844
423278.057026	0.826756	196.484375	85.839844
423278.059025	0.939628	196.484375	85.839844
423278.061026	0.936582	10.302402	0.258605
423279.073051	0.853633	121.386719	-264.746094
423279.075052	0.938291	121.386719	-264.746094
423279.077054	0.935473	10.290199	0.210776
423280.153593	1.290675	180.078125	108.496094
423280.155592	0.935835	180.078125	108.496094
423280.157593	0.935697	10.292663	0.274611
423281.137595	0.873981	190.234375	-315.039062
423281.139598	0.938078	190.234375	-315.039062
423281.141597	0.935385	10.289233	0.413336
423282.248540	0.330234	183.398437	124.804687
423282.250543	0.695728	183.398437	124.804687
423282.252542	0.931953	183.398437	124.804687
423282.254543	0.936831	183.398437	124.804687
423282.256542	0.934694	10.281638	0.261881
423283.234547	0.849488	109.179687	-334.863281
423283.236548	0.937733	109.179687	-334.863281
423283.238550	0.934892	10.283810	0.351329
423284.346592	0.497949	152.246094	151.757812
423284.348594	0.843002	152.246094	151.757812
423284.352593	0.936507	152.246094	151.757812
423284.354594	0.934870	10.283570	0.188720
423285.330610	0.670992	139.160156	-355.078125
423285.332608	0.926473	139.160156	-355.078125
423285.334610	0.936749	139.160156	-355.078125
423285.336610	0.934543	10.279972	0.454908
423286.410630	0.434313	179.980469	149.609375
423286.412630	0.792221	179.980469	149.609375
423286.414630	0.940022	179.980469	149.609375
423286.416631	0.937098	10.308074	0.370280
423287.429130	0.738381	145.703125	-358.300781
423287.431134	0.938089	145.703125	-358.300781
423287.433133	0.935524	10.290767	0.303116
423288.509717	0.782212	161.816406	161.816406
423288.511719	0.938776	161.816406	161.816406
423288.513718	0.936054	10.296597	0.277627
423289.526318	0.885534	134.570312	-356.933594
423289.528322	0.937040	134.570312	-356.933594
423289.530321	0.934437	10.278811	0.266288
423290.604882	0.425643	163.085937	161.035156
423290.606883	0.784591	163.085937	161.035156
423290.608883	0.938902	163.085937	161.035156
423290.610884	0.936173	10.297900	0.237586
423291.620900	0.460144	79.296875	-344.335937
423291.622902	0.814086	79.296875	-344.335937
423291.624902	0.940588	79.296875	-344.335937
423291.626902	0.937530	10.312824	0.232171
423292.702954	0.589525	159.179687	159.277344
423292.706955	0.937095	159.179687	159.277344
423292.708957	0.934692	159.179687	159.277344
423292.710958	0.933143	10.264569	0.235755
423293.717499	0.358977	54.492187	-332.226562
423293.719506	0.722887	54.492187	-332.226562
423293.721508	0.936638	54.492187	-332.226562
423293.723508	0.937127	54.492187	-332.226562
423293.727508	0.933919	10.273112	0.174404
423294.799570	0.493759	155.761719	150.781250
423294.801571	0.839576	155.761719	150.781250
423294.803571	0.938326	155.761719	150.781250
423294.805571	0.935311	10.288426	0.218202
423295.785619	0.927820	139.257812	-336.328125
423295.787621	0.937015	139.257812	-336.328125
423295.789621	0.934852	10.283376	0.490215
423296.897672	0.665322	164.062500	132.617187
423296.899673	0.924821	164.062500	132.617187
423296.901674	0.927013	164.062500	132.617187
423296.903674	0.934232	10.276551	0.319822
423297.879653	0.474211	124.707031	-302.929687
423297.881654	0.825753	124.707031	-302.929687
423297.883657	0.943226	124.707031	-302.929687
423297.885655	0.940166	10.341831	0.301889
423298.995679	0.812939	176.562500	110.449219
423298.997681	0.938908	176.562500	110.449219
423298.999681	0.935894	10.294834	0.174072
423299.978236	0.732355	180.175781	-268.261719
423299.980238	0.742982	180.175781	-268.261719
423299.982237	0.936365	10.300010	0.290288
423301.059145	0.653228	192.089844	89.648437
423301.061147	0.921635	192.089844	89.648437
423301.063147	0.936660	192.089844	89.648437
423301.065148	0.934460	10.279059	0.304049
423302.073180	0.327540	176.367187	-230.957031
423302.075181	0.693172	176.367187	-230.957031
423302.077182	0.931236	176.367187	-230.957031
423302.079180	0.936477	176.367187	-230.957031
423302.081180	0.934192	10.276117	0.333402
423303.155228	0.461459	180.859375	84.960937
423303.157230	0.815046	180.859375	84.960937
423303.159230	0.939523	180.859375	84.960937
423303.161229	0.936466	10.301126	0.174883
423304.171249	0.500039	276.269531	-213.183594
423304.173253	0.844180	276.269531	-213.183594
423304.175257	0.938020	276.269531	-213.183594
423304.177257	0.935157	10.286725	0.377332
423305.220220	0.570193	202.734375	81.250000
423305.222222	0.887824	202.734375	81.250000
423305.224222	0.937300	202.734375	81.250000
423305.226222	0.934701	10.281710	0.263073
423306.268233	0.469565	318.164062	-207.128906
423306.276234	0.937628	318.164062	-207.128906
423306.278235	0.936538	318.164062	-207.128906
423306.280235	0.935825	10.294072	0.408761
423307.322247	0.935912	159.082031	95.996094
423307.324249	0.933884	10.272723	0.545581
423308.398296	0.495782	183.496094	-208.203125
423308.400297	0.841291	183.496094	-208.203125
423308.402296	0.939101	183.496094	-208.203125
423308.404297	0.936138	10.297520	0.174014
423309.416325	0.868225	156.738281	104.785156
423309.418328	0.937946	156.738281	104.785156
423309.420327	0.935246	10.287709	0.117822
423310.496872	0.752164	156.250000	-214.746094
423310.498874	0.938522	156.250000	-214.746094
423310.500873	0.936915	10.306063	0.174734
423311.480883	0.885584	184.765625	110.058594
423311.482884	0.937579	184.765625	110.058594
423311.484883	0.934988	10.284873	0.293641
423312.561431	0.781381	290.234375	-227.636719
423312.563432	0.937913	290.234375	-227.636719
423312.567430	0.933286	10.266147	0.365636
423313.575958	0.552833	165.136719	122.167969
423313.577960	0.878052	165.136719	122.167969
423313.579960	0.937177	165.136719	122.167969
423313.581960	0.934504	10.279547	0.231056
423314.657985	0.675739	249.804687	-234.863281
423314.659985	0.927387	249.804687	-234.863281
423314.661985	0.936441	249.804687	-234.863281
423314.663987	0.934242	10.276667	0.481429
423315.672035	0.355885	148.437500	130.175781
423315.676055	0.936192	148.437500	130.175781
423315.678059	0.936833	148.437500	130.175781
423315.680058	0.934905	10.283951	0.202402
423316.756049	0.828596	194.042969	-238.183594
423316.758052	0.938986	194.042969	-238.183594
423316.760050	0.936020	10.296217	0.288459
423317.770067	0.517633	142.382812	133.789062
423317.772068	0.856327	142.382812	133.789062
423317.774071	0.938053	142.382812	133.789062
423317.776070	0.935153	10.286681	0.157583
423318.852120	0.644496	209.375000	-241.699219
423318.858119	0.934220	209.375000	-241.699219
423318.860122	0.932756	209.375000	-241.699219
423318.862124	0.931713	10.248847	0.282429
423319.868205	0.696763	145.996094	133.496094
423319.870207	0.931694	145.996094	133.496094
423319.872207	0.936282	145.996094	133.496094
423319.874206	0.934081	10.274894	0.127337
423320.948761	0.554473	148.242187	-235.253906
423320.950764	0.879179	148.242187	-235.253906
423320.952763	0.937602	148.242187	-235.253906
423320.956761	0.933367	10.267042	0.227164
423321.932803	0.734129	185.058594	124.511719
423321.934805	0.935946	185.058594	124.511719
423321.936807	0.935492	10.290412	0.338963
423323.047408	0.816072	185.253906	-232.324219
423323.049409	0.939004	185.253906	-232.324219
423323.051408	0.935991	10.295897	0.188468
423324.029915	0.726218	179.394531	121.972656
423324.031915	0.935644	179.394531	121.972656
423324.033916	0.935913	179.394531	121.972656
423324.035916	0.933797	10.271766	0.615696
423325.109901	0.482859	313.574219	-225.292969
423325.113902	0.938846	313.574219	-225.292969
423325.115905	0.935951	313.574219	-225.292969
423325.117907	0.934226	10.276489	0.378731
423326.125864	0.511502	167.773437	119.140625
423326.127868	0.852107	167.773437	119.140625
423326.129867	0.937707	167.773437	119.140625
423326.131867	0.934766	10.282427	0.237556
423327.209930	0.917449	255.859375	-214.648437
423327.211930	0.936302	255.859375	-214.648437
423327.213933	0.936209	10.298299	0.331105
423328.222475	0.412551	175.390625	110.546875
423328.226475	0.938263	175.390625	110.546875
423328.228478	0.935813	175.390625	110.546875
423328.230477	0.933942	10.273361	0.211947
423329.305005	0.625329	219.726562	-204.882812
423329.307007	0.639099	219.726562	-204.882812
423329.309007	0.938869	219.726562	-204.882812
423329.311006	0.936510	10.301605	0.236246
423330.319593	0.403684	172.949219	100.390625
423330.321596	0.764847	172.949219	100.390625
423330.323595	0.939069	172.949219	100.390625
423330.325594	0.936806	10.304866	0.201571
423331.401641	0.531200	186.230469	-197.460937
423331.403640	0.865049	186.230469	-197.460937
423331.407641	0.934350	186.230469	-197.460937
423331.409643	0.932615	10.258765	0.166018
423332.417635	0.565091	184.570312	89.941406
423332.419635	0.885030	184.570312	89.941406
423332.421637	0.937239	184.570312	89.941406
423332.423638	0.934584	10.280424	0.215563
423333.465649	0.463908	212.207031	-204.199219
423333.467651	0.816872	212.207031	-204.199219
423333.469651	0.939269	212.207031	-204.199219
423333.471651	0.936283	10.299115	0.273036
423334.513681	0.362564	209.960937	80.371094
423334.515683	0.726134	209.960937	80.371094
423334.517682	0.935647	209.960937	80.371094
423334.519682	0.936024	10.296261	0.261351
423335.531680	0.759276	295.898437	-224.316406
423335.535680	0.936024	295.898437	-224.316406
423335.537682	0.934033	10.274363	0.492984
423336.645705	0.745243	170.117187	97.363281
423336.647705	0.937201	170.117187	97.363281
423336.649707	0.935809	10.293903	0.123964
423337.626258	0.289826	138.476562	-245.898437
423337.628259	0.657273	138.476562	-245.898437
423337.630261	0.922545	138.476562	-245.898437
423337.632259	0.936344	138.476562	-245.898437
423337.634260	0.936273	10.299000	0.322289
423338.742326	0.649591	154.296875	119.628906
423338.744324	0.920453	154.296875	119.628906
423338.746325	0.936722	154.296875	119.628906
423338.748324	0.934473	10.279201	0.147856
423339.724374	0.470716	87.988281	-275.878906
423339.726376	0.822793	87.988281	-275.878906
423339.728376	0.942396	87.988281	-275.878906
423339.730376	0.939177	10.330948	0.216186
423340.808491	0.905151	189.648437	123.730469
423340.810490	0.936856	189.648437	123.730469
423340.812489	0.934428	10.278705	0.304984
423341.823023	0.739480	44.042969	-298.242187
423341.825027	0.937025	44.042969	-298.242187
423341.827025	0.936189	10.298078	0.177758
423342.903069	0.507498	164.453125	150.976562
423342.905071	0.522088	164.453125	150.976562
423342.907071	0.937803	164.453125	150.976562
423342.909071	0.934934	10.284270	0.250479
423343.919093	0.546546	44.433594	-316.308594
423343.921096	0.874437	44.433594	-316.308594
423343.923095	0.937242	44.433594	-316.308594
423343.925095	0.934617	10.280787	0.153590
423345.001157	0.674893	148.144531	168.066406
423345.003160	0.926950	148.144531	168.066406
423345.005159	0.936141	148.144531	168.066406
423345.007158	0.933898	10.272873	0.195647
423346.015211	0.354642	17.480469	-315.039062
423346.017230	0.718595	17.480469	-315.039062
423346.019229	0.935348	17.480469	-315.039062
423346.021229	0.936189	17.480469	-315.039062
423346.023230	0.934093	10.275027	0.162109
423347.065221	0.615871	162.011719	168.847656
423347.067223	0.908164	162.011719	168.847656
423347.069223	0.936090	162.011719	168.847656
423347.071224	0.933675	10.270428	0.363665
423348.113247	0.516726	76.660156	-330.664062
423348.115248	0.855503	76.660156	-330.664062
423348.117248	0.937513	76.660156	-330.664062
423348.119248	0.934635	10.280982	0.131935
423349.161246	0.413318	155.566406	173.046875
423349.163247	0.773441	155.566406	173.046875
423349.165250	0.938931	155.566406	173.046875
423349.167249	0.936418	10.300603	0.344290
423350.179273	0.808154	140.625000	-341.699219
423350.181275	0.938889	140.625000	-341.699219
423350.183274	0.935762	10.293381	0.302892
423351.259841	0.674638	152.539062	170.703125
423351.261843	0.926888	152.539062	170.703125
423351.263844	0.936158	152.539062	170.703125
423351.265843	0.933948	10.273432	0.299881
423352.275922	0.720762	72.851562	-323.730469
423352.277920	0.936177	72.851562	-323.730469
423352.279922	0.936720	72.851562	-323.730469
423352.281921	0.934736	10.282099	0.567691
423353.355917	0.482117	163.964844	158.203125
423353.357919	0.831177	163.964844	158.203125
423353.359919	0.939296	163.964844	158.203125
423353.361921	0.936310	10.299407	0.275412
423354.373944	0.858360	76.855469	-314.550781
423354.375945	0.937746	76.855469	-314.550781
423354.377945	0.934909	10.283996	0.183607
423355.453992	0.648269	169.824219	144.238281
423355.455994	0.920205	169.824219	144.238281
423355.457995	0.936950	169.824219	144.238281
423355.459994	0.934586	10.280451	0.309160
423356.470019	0.688034	8.203125	-276.660156
423356.472022	0.930396	8.203125	-276.660156
423356.478021	0.933104	8.203125	-276.660156
423356.480021	0.932209	10.254298	0.154151
423357.550063	0.452732	177.441406	124.121094
423357.552066	0.807963	177.441406	124.121094
423357.554065	0.940626	177.441406	124.121094
423357.556065	0.937474	10.312213	0.228458
423358.536137	0.916786	185.839844	-269.335937
423358.538145	0.936904	185.839844	-269.335937
423358.540147	0.934551	10.280061	0.387473
423359.646702	0.356224	172.363281	107.128906
423359.648727	0.720381	172.363281	107.128906
423359.650730	0.936734	172.363281	107.128906
423359.652729	0.937187	172.363281	107.128906
423359.654729	0.935242	10.287664	0.180614
423360.630764	0.544813	235.156250	-235.644531
423360.632766	0.873221	235.156250	-235.644531
423360.634767	0.936997	235.156250	-235.644531
423360.636765	0.934241	10.276649	0.396599
423361.745344	0.628138	154.882812	99.902344
423361.747346	0.913189	154.882812	99.902344
423361.749352	0.936573	154.882812	99.902344
423361.751356	0.934212	10.276330	0.101070
423362.727408	0.453458	294.628906	-212.109375
423362.729410	0.808113	294.628906	-212.109375
423362.731411	0.939085	294.628906	-212.109375
423362.733409	0.936124	10.297369	0.428954
423363.810375	0.746154	163.574219	94.238281
423363.812376	0.939803	163.574219	94.238281
423363.816375	0.936583	10.302411	0.155073
423364.856478	0.294486	179.882812	-194.531250
423364.858481	0.661676	179.882812	-194.531250
423364.860480	0.923572	179.882812	-194.531250
423364.864478	0.933792	179.882812	-194.531250
423364.868486	0.931340	10.244744	0.188772
423365.906999	0.650681	145.507812	100.976562
423365.909001	0.920308	145.507812	100.976562
423365.911002	0.936166	145.507812	100.976562
423365.913002	0.933803	10.271836	0.092964
423366.955049	0.556997	139.746094	-191.015625
423366.957050	0.880219	139.746094	-191.015625
423366.961049	0.934133	139.746094	-191.015625
423366.963051	0.932438	10.256824	0.192276
423367.971084	0.596424	164.453125	103.710937
423367.973085	0.900242	164.453125	103.710937
423367.975087	0.936650	164.453125	103.710937
423367.977085	0.934226	10.276489	0.219455
423369.055144	0.728776	178.027344	-195.214844
423369.057147	0.936957	178.027344	-195.214844
423369.059147	0.934992	10.284918	0.534957
423370.069688	0.843602	150.488281	111.914062
423370.071690	0.939312	150.488281	111.914062
423370.073691	0.936466	10.301126	0.150811
423371.149770	0.630910	181.152344	-198.535156
423371.151772	0.914123	181.152344	-198.535156
423371.155771	0.934296	181.152344	-198.535156
423371.157771	0.932687	10.259562	0.178664
423372.164284	0.395138	141.406250	119.042969
423372.168282	0.938785	141.406250	119.042969
423372.170289	0.936885	141.406250	119.042969
423372.172290	0.934925	10.284173	0.109340
423373.246292	0.518504	179.296875	-200.195312
423373.248295	0.856856	179.296875	-200.195312
423373.250295	0.937898	179.296875	-200.195312
423373.252294	0.935056	10.285618	0.155087
423374.230294	0.690609	191.406250	115.039062
423374.234295	0.935284	191.406250	115.039062
423374.236296	0.932966	191.406250	115.039062
423374.238296	0.931574	10.247314	0.503488
423375.310332	0.455266	283.886719	-207.128906
423375.314333	0.939013	283.886719	-207.128906
423375.316336	0.938916	283.886719	-207.128906
423375.318334	0.934287	10.277154	0.343673
423376.330402	0.937516	184.863281	113.574219
423376.332405	0.934588	10.280468	0.245714
423377.407363	0.432000	205.175781	-202.539062
423377.409363	0.790121	205.175781	-202.539062
423377.411364	0.939453	205.175781	-202.539062
423377.413363	0.936646	10.303102	0.293889
423378.423401	0.475363	165.234375	113.378906
423378.427401	0.938888	165.234375	113.378906
423378.429402	0.935904	165.234375	113.378906
423378.431403	0.934157	10.275727	0.215775
423379.507454	0.903622	240.820312	-199.609375
423379.509454	0.936946	240.820312	-199.609375
423379.511457	0.934505	10.279555	0.221624
423380.520391	0.446284	166.503906	106.738281
423380.522393	0.802138	166.503906	106.738281
423380.524393	0.938790	166.503906	106.738281
423380.526393	0.935879	10.294665	0.194436
423381.602410	0.567871	183.300781	-191.699219
423381.604411	0.886183	183.300781	-191.699219
423381.606410	0.936858	183.300781	-191.699219
423381.610408	0.932520	10.257719	0.176215
423382.617331	0.407007	171.191406	100.097656
423382.619334	0.767674	171.191406	100.097656
423382.621332	0.937534	171.191406	100.097656
423382.623333	0.935216	10.287380	0.189937
423383.665381	0.308340	294.433594	-195.605469
423383.667382	0.674700	294.433594	-195.605469
423383.669385	0.926630	294.433594	-195.605469
423383.671382	0.935830	294.433594	-195.605469
423383.673384	0.933508	10.268584	0.348552
423384.715375	0.568508	175.585937	94.335937
423384.717376	0.886480	175.585937	94.335937
423384.719376	0.936734	175.585937	94.335937
423384.721376	0.934143	10.275577	0.189587
423385.763420	0.473453	125.000000	-193.359375
423385.765421	0.824450	125.000000	-193.359375
423385.767421	0.939587	125.000000	-193.359375
423385.769421	0.936687	10.303555	0.216981
423386.813470	0.740276	188.281250	88.867187
423386.815472	0.936455	188.281250	88.867187
423386.817472	0.935464	10.290102	0.218613
423387.830031	0.854022	262.304687	-216.503906
423387.832033	0.937746	262.304687	-216.503906
423387.836032	0.933197	10.265172	0.379356
423388.908552	0.363300	180.566406	97.656250
423388.910556	0.726727	180.566406	97.656250
423388.912563	0.935573	180.566406	97.656250
423388.916559	0.933457	10.268026	0.271257
423389.924612	0.410164	101.367187	-227.929687
423389.926615	0.770478	101.367187	-227.929687
423389.928615	0.939068	101.367187	-227.929687
423389.930613	0.936664	10.303307	0.253550
423391.008642	0.866175	192.480469	104.296875
423391.010644	0.937376	192.480469	104.296875
423391.012642	0.934550	10.280052	0.276271
423392.021193	0.299232	60.058594	-252.832031
423392.025193	0.924744	60.058594	-252.832031
423392.027195	0.936144	60.058594	-252.832031
423392.029195	0.933889	10.272776	0.179875
423393.105236	0.789702	185.253906	122.265625
423393.107239	0.937277	185.253906	122.265625
423393.109240	0.934391	10.278297	0.268918
423394.120191	0.639964	9.570312	-269.238281
423394.122193	0.916896	9.570312	-269.238281
423394.124193	0.936232	9.570312	-269.238281
423394.126193	0.933739	10.271128	0.137495
423395.202178	0.755922	172.460937	143.164062
423395.204179	0.939192	172.460937	143.164062
423395.206179	0.937223	10.309448	0.226835
423396.185117	0.735164	115.917969	-307.421875
423396.187119	0.935840	115.917969	-307.421875
423396.189118	0.935272	10.287992	0.355265
423397.297170	0.361180	140.820312	166.894531
423397.299174	0.724854	140.820312	166.894531
423397.301179	0.936294	140.820312	166.894531
423397.303178	0.936649	10.303138	0.192417
423398.281228	0.549504	128.515625	-320.410156
423398.283229	0.875605	128.515625	-320.410156
423398.285231	0.936526	128.515625	-320.410156
423398.287229	0.933740	10.271146	0.300855
423399.395237	0.531685	141.406250	172.070312
423399.397240	0.865316	141.406250	172.070312
423399.399241	0.869716	141.406250	172.070312
423399.401239	0.934902	10.283925	0.136056
423400.379770	0.796032	76.269531	-313.574219
423400.381772	0.938453	76.269531	-313.574219
423400.385771	0.933658	10.270242	0.266547
423401.459844	0.570455	171.875000	159.667969
423401.461846	0.887572	171.875000	159.667969
423401.463845	0.936671	171.875000	159.667969
423401.465847	0.934057	10.274629	0.313727
423402.474351	0.332680	90.527344	-315.820312
423402.476354	0.697850	90.527344	-315.820312
423402.478353	0.931348	90.527344	-315.820312
423402.480353	0.935591	90.527344	-315.820312
423402.482353	0.933322	10.266537	0.230441
423403.556385	0.462541	160.937500	162.207031
423403.558387	0.815538	160.937500	162.207031
423403.560386	0.938831	160.937500	162.207031
423403.562385	0.935815	10.293965	0.275365
423404.572456	0.510037	68.750000	-305.566406
423404.574455	0.850844	68.750000	-305.566406
423404.576455	0.937374	68.750000	-305.566406
423404.580455	0.932580	10.258383	0.174720
423405.654527	0.641875	158.984375	156.835937
423405.656535	0.917745	158.984375	156.835937
423405.658540	0.936465	158.984375	156.835937
423405.660539	0.934068	10.274753	0.273663
423406.668586	0.319012	-12.988281	-274.707031
423406.670587	0.684918	-12.988281	-274.707031
423406.672589	0.928987	-12.988281	-274.707031
423406.674588	0.935863	-12.988281	-274.707031
423406.676588	0.933571	10.269276	0.148316
423407.752590	0.800432	171.679687	142.089844
423407.754592	0.937977	171.679687	142.089844
423407.756590	0.935066	10.285724	0.228408
423408.735122	0.713457	193.066406	-288.378906
423408.737125	0.934044	193.066406	-288.378906
423408.739124	0.935893	193.066406	-288.378906
423408.741124	0.933691	10.270596	0.354897
423409.848094	0.507707	166.601562	129.492187
423409.850096	0.849246	166.601562	129.492187
423409.852095	0.937062	166.601562	129.492187
423409.854096	0.934121	10.275329	0.190465
423410.830136	0.323121	183.886719	-257.812500
423410.832136	0.688574	183.886719	-257.812500
423410.834137	0.929318	183.886719	-257.812500
423410.836137	0.935311	183.886719	-257.812500
423410.838135	0.932868	10.261547	0.330608
423411.944662	0.401165	170.410156	112.988281
423411.946664	0.762430	170.410156	112.988281
423411.948663	0.939433	170.410156	112.988281
423411.950663	0.937169	10.308863	0.148719
423412.928654	0.574293	161.230469	-225.390625
423412.930655	0.889253	161.230469	-225.390625
423412.932654	0.936210	161.230469	-225.390625
423412.934656	0.933603	10.269629	0.310801
